SD20,26,03,01,00,00,39,    0.23,   23.37, 1021.48,   -70.3,   34.48,746E
SD20,26,03,01,00,10,39,    0.23,   23.30, 1021.46,   -70.2,   34.56,0E88
SD20,26,03,01,00,20,39,    0.23,   23.27, 1021.37,   -69.5,   34.57,2A15
SD20,26,03,01,00,40,39,    0.23,   23.19, 1021.41,   -69.8,   34.62,74F1
SD20,26,03,01,00,50,39,    0.23,   23.18, 1021.39,   -69.6,   34.58,91BC
SD20,26,03,01,01,00,39,    0.23,   23.13, 1021.49,   -70.5,   34.62,5FBB
SD20,26,03,01,01,10,39,    0.23,   23.10, 1021.48,   -70.4,   34.62,F739
SD20,26,03,01,01,30,39,    0.23,   23.05, 1021.45,   -70.1,   34.60,C477
SD20,26,03,01,01,40,39,    0.22,   23.00, 1021.44,   -69.9,   34.67,D57B
SD20,26,03,01,01,50,39,    0.23,   22.96, 1021.34,   -69.2,   34.65,DAB2
SD20,26,03,01,02,00,39,    0.22,   22.96, 1021.35,   -69.3,   34.59,0A55
SD20,26,03,01,02,20,39,    0.22,   22.91, 1021.23,   -68.3,   34.57,7E73
SD20,26,03,01,02,30,39,    0.22,   22.89, 1021.13,   -67.5,   34.55,FC37
SD20,26,03,01,02,40,39,    0.22,   22.86, 1021.09,   -67.2,   34.56,4BAF
SD20,26,03,01,02,50,39,    0.22,   22.78, 1020.96,   -66.1,   34.59,EA34
SD20,26,03,01,03,10,39,    0.22,   22.78, 1020.97,   -66.1,   34.50,EB0E
SD20,26,03,01,03,20,39,    0.22,   22.72, 1020.85,   -65.1,   34.55,AF61
SD20,26,03,01,03,30,39,    0.22,   22.69, 1020.84,   -65.1,   34.55,2162
SD20,26,03,01,03,40,39,    0.22,   22.68, 1020.88,   -65.4,   34.52,6710
SD20,26,03,01,04,00,39,    0.22,   22.60, 1020.82,   -64.9,   34.54,1C27
SD20,26,03,01,04,10,39,    0.22,   22.61, 1020.79,   -64.7,   34.48,AC0F
SD20,26,03,01,04,20,39,    0.22,   22.57, 1020.86,   -65.2,   34.47,56A8
SD20,26,03,01,04,30,39,    0.22,   22.57, 1020.87,   -65.4,   34.42,2969
SD20,26,03,01,04,50,39,    0.22,   22.51, 1020.82,   -64.9,   34.41,7ABB
SD20,26,03,01,05,00,39,    0.22,   22.47, 1020.81,   -64.9,   34.41,E505
SD20,26,03,01,05,10,39,    0.22,   22.45, 1020.81,   -64.8,   34.38,B7DA
SD20,26,03,01,05,20,39,    0.22,   22.42, 1020.80,   -64.7,   34.39,040E
SD20,26,03,01,05,40,39,    0.22,   22.33, 1020.94,   -65.9,   34.43,3DC6
SD20,26,03,01,05,50,39,    0.22,   22.28, 1020.92,   -65.7,   34.44,F131
SD20,26,03,01,06,00,39,    0.22,   22.27, 1020.92,   -65.7,   34.37,E16E
SD20,26,03,01,06,10,39,    0.22,   22.28, 1020.94,   -65.9,   34.33,822E
SD20,26,03,01,06,30,39,    0.22,   22.25, 1021.07,   -67.0,   34.24,81FA
SD20,26,03,01,06,40,39,    0.22,   22.19, 1021.12,   -67.4,   34.30,CFB5
SD20,26,03,01,06,50,39,    0.22,   22.17, 1021.12,   -67.4,   34.27,D0A0
SD20,26,03,01,07,00,39,    0.22,   22.15, 1021.13,   -67.5,   34.36,02D4
SD20,26,03,01,07,20,39,    0.22,   22.51, 1021.12,   -67.4,   34.04,8F7D
SD20,26,03,01,07,30,39,    0.22,   22.56, 1021.09,   -67.1,   34.65,07FB
SD20,26,03,01,07,40,39,    0.22,   22.65, 1021.15,   -67.6,   34.84,6FA7
SD20,26,03,01,07,50,39,    0.22,   22.76, 1021.20,   -68.1,   34.83,DFFC
SD20,26,03,01,08,10,39,    0.22,   22.92, 1021.45,   -70.1,   34.52,CDF1
SD20,26,03,01,08,20,39,    0.22,   23.04, 1021.45,   -70.2,   34.21,B3EA
SD20,26,03,01,08,30,39,    0.23,   23.05, 1021.40,   -69.7,   34.89,F2A5
SD20,26,03,01,08,40,39,    0.23,   23.08, 1021.34,   -69.2,   34.39,6DA4
SD20,26,03,01,09,00,39,    0.23,   23.35, 1021.35,   -69.3,   34.16,9FFA
SD20,26,03,01,09,10,39,    0.23,   23.52, 1021.30,   -68.9,   33.92,B9AB
SD20,26,03,01,09,20,39,    0.23,   23.51, 1021.30,   -69.0,   33.97,B464
SD20,26,03,01,09,30,39,    0.23,   23.48, 1021.18,   -67.9,   33.84,64D8
SD20,26,03,01,09,40,39,    0.23,   23.43, 1021.21,   -68.1,   33.68,84FD
SD20,26,03,01,09,50,39,    0.23,   23.40, 1021.22,   -68.0,   33.79,4318
SD20,26,03,01,10,00,39,    0.23,   23.62, 1021.20,   -68.1,   33.77,598A
SD20,26,03,01,10,10,39,    0.23,   23.70, 1021.21,   -68.2,   33.58,D61C
SD20,26,03,01,10,20,39,    0.23,   23.56, 1021.19,   -68.0,   33.81,8159
SD20,26,03,01,10,30,39,    0.23,   23.51, 1021.17,   -67.8,   33.74,87D1
SD20,26,03,01,10,40,39,    0.23,   23.49, 1021.13,   -67.5,   34.84,02C8
SD20,26,03,01,10,50,39,    0.23,   23.61, 1021.13,   -67.5,   35.08,E5CF
SD20,26,03,01,11,00,39,    0.23,   23.64, 1021.03,   -66.7,   35.29,41C7
SD20,26,03,01,11,10,39,    0.23,   23.69, 1020.97,   -66.2,   34.65,E2CB
SD20,26,03,01,11,20,39,    0.23,   23.61, 1020.92,   -65.7,   34.56,705E
SD20,26,03,01,11,30,39,    0.23,   23.61, 1020.92,   -65.7,   34.42,CFD9
SD20,26,03,01,11,40,39,    0.23,   23.60, 1020.78,   -64.6,   35.19,37E9
SD20,26,03,01,11,50,39,    0.23,   24.02, 1020.83,   -65.0,   34.79,A33A
SD20,26,03,01,12,00,39,    0.23,   24.06, 1020.84,   -65.1,   34.63,1DD1
SD20,26,03,01,12,10,39,    0.23,   23.86, 1020.80,   -64.8,   34.50,6AC2
SD20,26,03,01,12,20,39,    0.23,   23.67, 1020.62,   -63.3,   34.58,C9B8
SD20,26,03,01,12,30,39,    0.23,   23.57, 1020.57,   -62.9,   34.57,4CCE
SD20,26,03,01,12,40,39,    0.23,   23.51, 1020.45,   -61.9,   34.53,3E51
SD20,26,03,01,12,50,39,    0.23,   23.43, 1020.28,   -60.4,   34.73,00E3
SD20,26,03,01,13,00,39,    0.23,   23.24, 1020.14,   -59.3,   34.06,9B3F
SD20,26,03,01,13,10,39,    0.23,   23.37, 1020.08,   -58.8,   34.61,DDFB
SD20,26,03,01,13,20,39,    0.23,   24.08, 1020.02,   -58.3,   33.55,6F70
SD20,26,03,01,13,30,39,    0.23,   23.98, 1019.81,   -56.5,   32.45,A925
SD20,26,03,01,13,40,39,    0.23,   23.64, 1019.69,   -55.5,   33.45,DC99
SD20,26,03,01,13,50,39,    0.23,   23.50, 1019.51,   -54.0,   33.59,1D82
SD20,26,03,01,14,00,39,    0.23,   23.42, 1019.42,   -53.3,   33.60,E560
SD20,26,03,01,14,10,39,    0.23,   23.36, 1019.39,   -53.1,   33.61,14DB
SD20,26,03,01,14,20,39,    0.23,   23.32, 1019.42,   -53.3,   33.62,34B9
SD20,26,03,01,14,30,39,    0.23,   23.31, 1019.34,   -52.7,   33.56,445B
SD20,26,03,01,14,40,39,    0.23,   23.31, 1019.28,   -52.2,   33.54,D8CC
SD20,26,03,01,14,50,39,    0.23,   23.33, 1019.27,   -52.1,   34.25,F17D
SD20,26,03,01,15,00,39,    0.23,   23.62, 1019.17,   -51.3,   34.16,EBB4
SD20,26,03,01,15,10,39,    0.23,   23.71, 1019.03,   -50.1,   34.12,8DFD
SD20,26,03,01,15,20,39,    0.23,   23.67, 1018.99,   -49.8,   34.28,1A31
SD20,26,03,01,15,30,39,    0.23,   23.52, 1018.90,   -49.0,   33.91,4147
SD20,26,03,01,15,40,39,    0.23,   23.38, 1018.80,   -48.2,   33.85,7795
SD20,26,03,01,15,50,39,    0.23,   23.30, 1018.77,   -48.0,   34.02,7D8F
SD20,26,03,01,16,00,39,    0.23,   23.29, 1018.76,   -47.8,   34.02,E075
SD20,26,03,01,16,10,39,    0.23,   23.24, 1018.71,   -47.4,   34.08,C4D7
SD20,26,03,01,16,20,39,    0.23,   23.23, 1018.65,   -46.9,   34.09,A45A
SD20,26,03,01,16,30,39,    0.23,   23.22, 1018.54,   -46.0,   34.07,128F
SD20,26,03,01,16,40,39,    0.23,   23.14, 1018.55,   -46.2,   34.16,57C1
SD20,26,03,01,16,50,39,    0.23,   23.14, 1018.52,   -45.8,   34.14,3051
SD20,26,03,01,17,00,39,    0.23,   23.10, 1018.50,   -45.7,   34.16,8FFF
SD20,26,03,01,17,10,39,    0.23,   23.16, 1018.47,   -45.4,   34.04,BDDD
SD20,26,03,01,17,20,39,    0.23,   23.10, 1018.41,   -45.0,   34.12,0225
SD20,26,03,01,17,30,39,    0.22,   23.06, 1018.48,   -45.5,   34.18,470B
SD20,26,03,01,17,40,39,    0.22,   23.05, 1018.49,   -45.6,   34.15,B06D
SD20,26,03,01,17,50,39,    0.22,   23.03, 1018.49,   -45.6,   34.17,906A
SD20,26,03,01,18,00,39,    0.22,   23.01, 1018.58,   -46.3,   34.18,323A
SD20,26,03,01,18,10,39,    0.22,   23.03, 1018.52,   -45.9,   34.12,7328
SD20,26,03,01,18,20,39,    0.23,   22.99, 1018.55,   -46.1,   34.16,6C4B
SD20,26,03,01,18,30,39,    0.22,   23.00, 1018.63,   -46.8,   34.12,B6A1
SD20,26,03,01,18,40,39,    0.22,   23.02, 1018.66,   -47.1,   34.06,AD1B
SD20,26,03,01,18,50,39,    0.22,   22.99, 1018.70,   -47.3,   34.11,615D
SD20,26,03,01,19,00,39,    0.22,   22.95, 1018.73,   -47.6,   34.13,1EAA
SD20,26,03,01,19,10,39,    0.22,   22.96, 1018.67,   -47.1,   34.10,2406
SD20,26,03,01,19,20,39,    0.22,   22.95, 1018.70,   -47.4,   34.10,3D79
SD20,26,03,01,19,30,39,    0.22,   22.95, 1018.71,   -47.4,   34.09,C111
SD20,26,03,01,19,40,39,    0.22,   22.91, 1018.74,   -47.7,   34.13,BCEC
SD20,26,03,01,19,50,39,    0.22,   22.93, 1018.72,   -47.5,   34.06,DCAE
SD20,26,03,01,20,00,39,    0.22,   22.94, 1018.84,   -48.5,   34.04,B3BC
SD20,26,03,01,20,10,39,    0.22,   22.87, 1018.83,   -48.4,   34.10,547F
SD20,26,03,01,20,20,39,    0.22,   22.92, 1018.78,   -48.0,   34.02,B767
SD20,26,03,01,20,30,39,    0.22,   22.90, 1018.76,   -47.8,   34.02,6136
SD20,26,03,01,20,40,39,    0.22,   22.90, 1018.87,   -48.7,   34.01,4039
SD20,26,03,01,20,50,39,    0.22,   22.87, 1018.87,   -48.8,   34.02,21C5
SD20,26,03,01,21,00,39,    0.22,   22.79, 1018.87,   -48.8,   34.19,8209
SD20,26,03,01,21,10,39,    0.23,   23.12, 1018.84,   -48.6,   33.97,5BEC
SD20,26,03,01,21,20,39,    0.23,   23.48, 1018.76,   -47.9,   33.42,E675
SD20,26,03,01,21,30,39,    0.23,   23.43, 1018.82,   -48.3,   32.84,F219
SD20,26,03,01,21,40,39,    0.23,   23.27, 1018.90,   -49.0,   33.66,AEE3
SD20,26,03,01,21,50,39,    0.23,   23.42, 1018.94,   -49.4,   33.82,8F81
SD20,26,03,01,22,00,39,    0.23,   23.46, 1018.98,   -49.7,   34.14,F9AD
SD20,26,03,01,22,10,39,    0.23,   23.46, 1018.90,   -49.1,   34.30,5337
SD20,26,03,01,22,20,39,    0.23,   23.47, 1018.88,   -48.9,   34.46,CFD0
SD20,26,03,01,22,30,39,    0.23,   23.49, 1018.90,   -49.0,   34.51,872E
SD20,26,03,01,22,40,39,    0.23,   23.48, 1018.90,   -49.0,   34.55,7674
SD20,26,03,01,22,50,39,    0.23,   23.52, 1018.95,   -49.5,   34.67,6861
SD20,26,03,01,23,00,39,    0.23,   23.54, 1018.93,   -49.2,   34.67,3402
SD20,26,03,01,23,10,39,    0.23,   23.38, 1018.99,   -49.8,   34.72,5E38
SD20,26,03,01,23,20,39,    0.23,   23.29, 1018.92,   -49.2,   34.77,75F0
SD20,26,03,01,23,30,39,    0.23,   23.20, 1018.96,   -49.5,   34.70,5054
SD20,26,03,01,23,40,39,    0.22,   23.09, 1018.97,   -49.6,   34.75,DE04
SD20,26,03,02,00,00,39,    0.22,   22.96, 1018.92,   -49.2,   34.80,C910
SD20,26,03,02,00,10,39,    0.22,   22.92, 1018.98,   -49.6,   34.77,4CA6
SD20,26,03,02,00,20,39,    0.22,   22.88, 1019.10,   -50.7,   34.76,46F2
SD20,26,03,02,00,30,39,    0.22,   22.84, 1019.10,   -50.7,   34.73,F958
SD20,26,03,02,00,50,39,    0.22,   22.76, 1019.08,   -50.5,   34.66,F622
SD20,26,03,02,01,00,39,    0.22,   22.75, 1019.09,   -50.5,   34.65,5DAB
SD20,26,03,02,01,10,39,    0.22,   22.71, 1019.15,   -51.1,   34.64,73B5
SD20,26,03,02,01,20,39,    0.22,   22.68, 1019.18,   -51.3,   34.64,4F7B
SD20,26,03,02,01,40,39,    0.22,   22.62, 1019.20,   -51.5,   34.58,FE01
SD20,26,03,02,01,50,39,    0.22,   22.60, 1019.16,   -51.2,   34.59,8282
SD20,26,03,02,02,00,39,    0.22,   22.58, 1019.16,   -51.2,   34.55,EEA2
SD20,26,03,02,02,10,39,    0.22,   22.56, 1019.16,   -51.2,   34.55,5F10
SD20,26,03,02,02,30,39,    0.22,   22.53, 1019.10,   -50.7,   34.52,3CBB
SD20,26,03,02,02,40,39,    0.22,   22.48, 1019.18,   -51.4,   34.54,2486
SD20,26,03,02,02,50,39,    0.22,   22.45, 1019.16,   -51.1,   34.54,1D22
SD20,26,03,02,03,00,40,    0.22,   22.42, 1019.06,   -50.3,   34.56,0525
SD20,26,03,02,03,20,39,    0.22,   22.39, 1018.95,   -49.5,   34.52,1BA5
SD20,26,03,02,03,30,39,    0.22,   22.39, 1018.90,   -49.0,   34.48,ED5C
SD20,26,03,02,03,50,39,    0.22,   22.31, 1018.99,   -49.7,   34.51,BF9F
SD20,26,03,02,04,00,39,    0.22,   22.30, 1019.03,   -50.1,   34.50,CBB9
SD20,26,03,02,04,10,39,    0.22,   22.27, 1019.05,   -50.2,   34.45,79B0
SD20,26,03,02,04,20,39,    0.22,   22.22, 1019.08,   -50.5,   34.50,0986
SD20,26,03,02,04,40,39,    0.22,   22.17, 1019.20,   -51.5,   34.48,653F
SD20,26,03,02,04,50,39,    0.22,   22.16, 1019.28,   -52.2,   34.44,CF66
SD20,26,03,02,05,00,39,    0.22,   22.13, 1019.37,   -52.9,   34.46,5A59
SD20,26,03,02,05,10,39,    0.21,   22.13, 1019.46,   -53.7,   34.42,C548
SD20,26,03,02,05,30,39,    0.21,   22.07, 1019.59,   -54.7,   34.40,FB76
SD20,26,03,02,05,40,39,    0.21,   22.03, 1019.69,   -55.5,   34.42,287C
SD20,26,03,02,05,50,39,    0.21,   22.04, 1019.77,   -56.2,   34.32,2892
SD20,26,03,02,06,00,39,    0.21,   21.99, 1019.90,   -57.3,   34.34,1F5B
SD20,26,03,02,06,20,39,    0.21,   21.95, 1020.01,   -58.2,   34.33,181B
SD20,26,03,02,06,30,39,    0.21,   21.95, 1019.93,   -57.5,   34.25,7CC2
SD20,26,03,02,06,40,39,    0.21,   21.89, 1020.01,   -58.2,   34.32,AF12
SD20,26,03,02,06,50,39,    0.21,   21.90, 1020.07,   -58.7,   34.24,4C7D
SD20,26,03,02,07,10,39,    0.21,   21.81, 1020.29,   -60.5,   34.31,6EC4
SD20,26,03,02,07,20,39,    0.21,   21.81, 1020.36,   -61.1,   34.23,0771
SD20,26,03,02,07,30,39,    0.21,   21.79, 1020.47,   -62.1,   34.21,5684
SD20,26,03,02,07,40,39,    0.21,   21.80, 1020.40,   -61.4,   34.14,837F
SD20,26,03,02,08,00,39,    0.21,   21.80, 1020.67,   -63.7,   34.09,A2E5
SD20,26,03,02,08,10,39,    0.21,   21.77, 1020.76,   -64.4,   34.07,127B
SD20,26,03,02,08,20,39,    0.21,   21.72, 1020.65,   -63.6,   34.10,92CC
SD20,26,03,02,08,40,39,    0.21,   21.81, 1020.63,   -63.4,   33.85,76C0
SD20,26,03,02,08,50,39,    0.21,   21.88, 1020.78,   -64.6,   33.81,A567
SD20,26,03,02,09,00,39,    0.21,   21.99, 1020.98,   -66.2,   33.74,8DB9
SD20,26,03,02,09,10,39,    0.21,   22.04, 1020.99,   -66.3,   33.75,49E6
SD20,26,03,02,09,20,39,    0.22,   22.24, 1020.98,   -66.3,   34.56,C395
SD20,26,03,02,09,40,39,    0.22,   22.70, 1020.84,   -65.1,   34.64,7AA1
SD20,26,03,02,09,50,39,    0.22,   22.85, 1020.90,   -65.6,   34.45,3DBC
SD20,26,03,02,10,00,39,    0.23,   22.97, 1020.89,   -65.5,   34.55,5A82
SD20,26,03,02,10,10,39,    0.23,   23.11, 1020.90,   -65.6,   34.31,563B
SD20,26,03,02,10,30,39,    0.23,   23.20, 1021.12,   -67.4,   35.41,F1B5
SD20,26,03,02,10,40,39,    0.23,   23.16, 1021.17,   -67.8,   34.50,9B1C
SD20,26,03,02,10,50,39,    0.23,   23.12, 1021.12,   -67.4,   34.96,E3E5
SD20,26,03,02,11,00,39,    0.23,   23.24, 1021.21,   -68.2,   34.56,4599
SD20,26,03,02,11,10,39,    0.23,   23.18, 1021.15,   -67.6,   34.42,CDF1
SD20,26,03,02,11,20,39,    0.23,   23.10, 1021.25,   -68.5,   34.43,1211
SD20,26,03,02,11,30,39,    0.23,   23.06, 1021.25,   -68.4,   34.41,E340
SD20,26,03,02,11,40,39,    0.23,   23.05, 1021.23,   -68.3,   34.35,F270
SD20,26,03,02,11,50,39,    0.23,   23.09, 1021.24,   -68.4,   34.27,42D9
SD20,26,03,02,12,10,39,    0.23,   23.04, 1020.97,   -66.2,   34.27,D88D
SD20,26,03,02,12,20,39,    0.22,   23.00, 1020.78,   -64.6,   34.31,63CF
SD20,26,03,02,12,30,39,    0.22,   23.02, 1020.79,   -64.7,   34.26,950C
SD20,26,03,02,12,50,39,    0.22,   22.99, 1020.68,   -63.7,   34.27,EB06
SD20,26,03,02,13,00,39,    0.22,   22.98, 1020.64,   -63.4,   34.22,3DF8
SD20,26,03,02,13,10,39,    0.22,   22.98, 1020.69,   -63.8,   34.24,7E22
SD20,26,03,02,13,20,39,    0.22,   22.98, 1020.61,   -63.2,   34.31,C5F6
SD20,26,03,02,13,30,39,    0.22,   22.90, 1020.63,   -63.3,   34.71,19BD
SD20,26,03,02,13,50,39,    0.23,   23.49, 1020.58,   -62.9,   34.33,3F6A
SD20,26,03,02,14,00,39,    0.23,   23.64, 1020.30,   -60.6,   34.24,CD0A
SD20,26,03,02,14,10,39,    0.23,   23.62, 1020.13,   -59.2,   34.46,2868
SD20,26,03,02,14,20,39,    0.23,   23.72, 1019.97,   -57.9,   34.42,42EC
SD20,26,03,02,14,40,39,    0.23,   23.83, 1019.88,   -57.1,   34.03,E18D
SD20,26,03,02,14,50,39,    0.23,   23.75, 1019.89,   -57.2,   34.26,0C91
SD20,26,03,02,15,00,39,    0.23,   23.72, 1019.84,   -56.8,   34.52,64CF
SD20,26,03,02,15,10,39,    0.23,   23.92, 1019.55,   -54.4,   34.45,C126
SD20,26,03,02,15,20,39,    0.24,   24.14, 1019.60,   -54.8,   34.20,75F5
SD20,26,03,02,15,30,39,    0.24,   24.31, 1019.41,   -53.2,   34.05,F77B
SD20,26,03,02,15,40,39,    0.24,   24.37, 1019.38,   -53.0,   34.01,D5E8
SD20,26,03,02,15,50,39,    0.24,   24.54, 1019.21,   -51.6,   33.76,FBCF
SD20,26,03,02,16,10,39,    0.24,   24.42, 1019.16,   -51.1,   34.18,48EA
SD20,26,03,02,16,20,39,    0.24,   24.47, 1019.22,   -51.6,   34.25,3924
SD20,26,03,02,16,30,39,    0.24,   24.47, 1018.90,   -49.0,   34.14,39D9
SD20,26,03,02,16,40,39,    0.24,   24.45, 1018.69,   -47.3,   34.24,EE2B
SD20,26,03,02,17,00,39,    0.24,   24.35, 1018.78,   -48.0,   34.54,831A
SD20,26,03,02,17,10,39,    0.24,   24.39, 1018.72,   -47.5,   34.52,F760
SD20,26,03,02,17,20,39,    0.24,   24.36, 1018.68,   -47.2,   34.41,7625
SD20,26,03,02,17,30,39,    0.24,   24.30, 1018.76,   -47.8,   34.62,DCAB
SD20,26,03,02,17,50,39,    0.24,   24.32, 1018.61,   -46.6,   34.76,144F
SD20,26,03,02,18,00,39,    0.24,   24.39, 1018.63,   -46.8,   34.63,F727
SD20,26,03,02,18,10,39,    0.24,   24.37, 1018.68,   -47.2,   34.34,90C0
SD20,26,03,02,18,20,39,    0.24,   24.50, 1018.72,   -47.5,   34.44,37E3
SD20,26,03,02,18,30,39,    0.24,   24.88, 1018.94,   -49.4,   33.75,1EBB
SD20,26,03,02,18,50,39,    0.25,   25.55, 1019.09,   -50.6,   33.87,45C9
SD20,26,03,02,19,00,39,    0.25,   25.77, 1019.14,   -51.0,   34.07,9DAA
SD20,26,03,02,19,10,39,    0.25,   25.81, 1019.05,   -50.3,   33.82,4036
SD20,26,03,02,19,30,39,    0.25,   25.91, 1019.08,   -50.5,   33.18,1FA7
SD20,26,03,02,19,40,39,    0.25,   25.79, 1019.18,   -51.3,   33.23,BF79
SD20,26,03,02,19,50,39,    0.25,   25.57, 1019.16,   -51.2,   33.52,720E
SD20,26,03,02,20,00,39,    0.25,   25.16, 1019.29,   -52.3,   33.88,06F7
SD20,26,03,02,20,20,39,    0.24,   24.69, 1019.49,   -53.9,   34.69,DD7A
SD20,26,03,02,20,30,39,    0.24,   24.74, 1019.53,   -54.3,   34.88,87F0
SD20,26,03,02,20,40,39,    0.24,   24.88, 1019.60,   -54.8,   34.40,2F53
SD20,26,03,02,20,50,39,    0.24,   24.88, 1019.77,   -56.2,   34.51,BA35
SD20,26,03,02,21,10,39,    0.24,   24.93, 1019.88,   -57.1,   34.54,FADD
SD20,26,03,02,21,20,39,    0.24,   24.75, 1019.76,   -56.1,   34.55,FA53
SD20,26,03,02,21,30,39,    0.24,   24.58, 1019.72,   -55.8,   34.94,7D2A
SD20,26,03,02,21,40,39,    0.24,   24.59, 1019.66,   -55.3,   35.03,34AD
SD20,26,03,02,22,00,39,    0.24,   24.71, 1019.35,   -52.8,   34.88,7362
SD20,26,03,02,22,10,39,    0.24,   24.76, 1019.25,   -51.9,   34.82,E830
SD20,26,03,02,22,20,39,    0.24,   24.76, 1019.40,   -53.2,   34.86,87DA
SD20,26,03,02,22,30,39,    0.24,   24.80, 1019.46,   -53.6,   34.88,79F8
SD20,26,03,02,22,50,39,    0.24,   24.63, 1019.36,   -52.9,   35.23,F9F8
SD20,26,03,02,23,00,39,    0.24,   24.59, 1019.09,   -50.6,   35.27,B82B
SD20,26,03,02,23,10,39,    0.24,   24.52, 1019.22,   -51.7,   35.35,9E5D
SD20,26,03,02,23,20,39,    0.24,   24.39, 1019.35,   -52.7,   34.57,7E8F
SD20,26,03,02,23,30,39,    0.24,   24.28, 1019.14,   -51.0,   34.57,AB63
SD20,26,03,02,23,40,39,    0.24,   24.16, 1019.29,   -52.2,   34.75,DF12
SD20,26,03,02,23,50,39,    0.24,   24.08, 1019.45,   -53.6,   34.79,81F5
SD20,26,03,03,00,00,39,    0.24,   24.02, 1019.28,   -52.1,   34.78,F603
SD20,26,03,03,00,10,39,    0.23,   23.95, 1019.17,   -51.2,   34.82,2F29
SD20,26,03,03,00,30,39,    0.23,   23.84, 1019.03,   -50.1,   34.81,35C6
SD20,26,03,03,00,40,39,    0.23,   23.80, 1018.80,   -48.2,   34.78,6185
SD20,26,03,03,00,50,39,    0.23,   23.76, 1019.10,   -50.7,   34.79,E5CA
SD20,26,03,03,01,00,39,    0.23,   23.73, 1019.20,   -51.5,   34.77,8451
SD20,26,03,03,01,20,39,    0.23,   23.63, 1019.21,   -51.6,   34.77,48E1
SD20,26,03,03,01,30,39,    0.23,   23.66, 1019.18,   -51.3,   34.70,F927
SD20,26,03,03,01,40,39,    0.23,   23.60, 1019.00,   -49.9,   34.73,7953
SD20,26,03,03,01,50,39,    0.23,   23.55, 1018.99,   -49.7,   34.74,1870
SD20,26,03,03,02,10,39,    0.23,   23.45, 1018.40,   -44.8,   34.78,E05C
SD20,26,03,03,02,20,39,    0.23,   23.43, 1018.04,   -41.9,   34.78,072F
SD20,26,03,03,02,30,39,    0.23,   23.42, 1017.80,   -39.9,   34.73,3E8D
SD20,26,03,03,02,40,39,    0.23,   23.37, 1017.88,   -40.5,   34.76,400F
SD20,26,03,03,03,00,39,    0.23,   23.31, 1017.68,   -38.9,   34.74,31FF
SD20,26,03,03,03,10,39,    0.23,   23.30, 1017.65,   -38.7,   34.70,4412
SD20,26,03,03,03,20,39,    0.23,   23.30, 1017.79,   -39.8,   34.68,46CD
SD20,26,03,03,03,30,39,    0.23,   23.26, 1017.55,   -37.8,   34.69,6E0F
SD20,26,03,03,03,50,39,    0.23,   23.23, 1017.74,   -39.4,   34.65,58F2
SD20,26,03,03,04,00,39,    0.23,   23.19, 1017.56,   -37.9,   34.68,96A6
SD20,26,03,03,04,10,39,    0.23,   23.19, 1017.52,   -37.5,   34.62,181B
SD20,26,03,03,04,20,39,    0.23,   23.17, 1017.50,   -37.4,   34.61,C733
SD20,26,03,03,04,30,39,    0.23,   23.17, 1017.47,   -37.2,   34.58,CC93
SD20,26,03,03,04,40,39,    0.23,   23.11, 1017.19,   -34.9,   34.59,9743
SD20,26,03,03,04,50,39,    0.23,   23.10, 1017.10,   -34.1,   34.62,8CF8
SD20,26,03,03,05,00,39,    0.23,   23.10, 1016.92,   -32.6,   34.55,E190
SD20,26,03,03,05,10,39,    0.23,   23.08, 1016.79,   -31.5,   34.54,2F29
SD20,26,03,03,05,30,39,    0.22,   23.02, 1016.52,   -29.3,   34.56,FA62
SD20,26,03,03,05,40,39,    0.22,   23.03, 1016.21,   -26.7,   34.53,FF49
SD20,26,03,03,05,50,39,    0.22,   22.98, 1016.44,   -28.6,   34.58,EACC
SD20,26,03,03,06,00,39,    0.22,   22.99, 1016.54,   -29.5,   34.53,EB04
SD20,26,03,03,06,20,39,    0.23,   22.98, 1016.13,   -26.0,   34.49,089A
SD20,26,03,03,06,30,39,    0.22,   22.95, 1016.01,   -25.1,   34.50,786C
SD20,26,03,03,06,40,39,    0.22,   22.95, 1015.97,   -24.7,   34.48,B72D
SD20,26,03,03,06,50,39,    0.22,   22.92, 1015.99,   -24.9,   34.50,EC5E
SD20,26,03,03,07,10,39,    0.22,   22.90, 1016.08,   -25.6,   35.20,F21D
SD20,26,03,03,07,20,39,    0.23,   23.21, 1016.18,   -26.4,   34.81,C42B
SD20,26,03,03,07,30,39,    0.23,   23.41, 1016.28,   -27.3,   34.79,1167
SD20,26,03,03,07,40,39,    0.23,   23.68, 1016.23,   -26.9,   34.58,3073
SD20,26,03,03,08,00,39,    0.23,   23.73, 1016.03,   -25.2,   34.54,85DF
SD20,26,03,03,08,10,39,    0.23,   23.75, 1016.03,   -25.2,   34.94,B6DB
SD20,26,03,03,08,20,39,    0.24,   23.80, 1016.08,   -25.7,   35.00,0313
SD20,26,03,03,08,30,39,    0.24,   23.94, 1015.88,   -24.0,   35.06,1B97
SD20,26,03,03,08,50,39,    0.24,   24.08, 1016.06,   -25.5,   34.75,9F23
SD20,26,03,03,09,00,39,    0.24,   24.08, 1016.03,   -25.2,   34.94,B7B3
SD20,26,03,03,09,10,39,    0.24,   24.14, 1016.14,   -26.1,   34.82,89D5
SD20,26,03,03,09,20,39,    0.24,   24.16, 1016.15,   -26.2,   34.92,CED4
SD20,26,03,03,09,30,39,    0.24,   24.27, 1016.12,   -25.9,   34.73,D498
SD20,26,03,03,09,40,39,    0.24,   24.44, 1016.24,   -27.0,   34.54,FACE
SD20,26,03,03,09,50,39,    0.24,   24.50, 1016.34,   -27.8,   34.51,CCD4
SD20,26,03,03,10,00,39,    0.24,   24.54, 1016.42,   -28.4,   34.42,B29C
SD20,26,03,03,10,10,39,    0.24,   24.55, 1016.44,   -28.6,   34.44,B1B6
SD20,26,03,03,10,30,39,    0.24,   24.92, 1016.45,   -28.7,   33.97,3A08
SD20,26,03,03,10,40,39,    0.24,   24.79, 1016.58,   -29.8,   33.67,1647
SD20,26,03,03,10,50,39,    0.24,   24.72, 1016.52,   -29.3,   34.01,D791
SD20,26,03,03,11,00,39,    0.24,   24.61, 1016.47,   -28.9,   34.24,F5A5
SD20,26,03,03,11,20,39,    0.24,   24.72, 1016.67,   -30.5,   34.27,183B
SD20,26,03,03,11,30,39,    0.24,   24.75, 1016.62,   -30.1,   34.10,DC47
SD20,26,03,03,11,40,39,    0.24,   24.67, 1016.61,   -30.1,   34.30,D978
SD20,26,03,03,11,50,39,    0.24,   24.58, 1016.72,   -31.0,   34.47,8903
SD20,26,03,03,12,10,39,    0.24,   24.44, 1016.45,   -28.7,   34.65,F73D
SD20,26,03,03,12,20,39,    0.24,   24.34, 1016.55,   -29.5,   34.84,1CE3
SD20,26,03,03,12,30,39,    0.24,   24.46, 1016.57,   -29.7,   34.95,59F4
SD20,26,03,03,12,40,39,    0.24,   24.55, 1016.50,   -29.1,   35.36,DDB6
SD20,26,03,03,13,00,39,    0.24,   24.52, 1016.42,   -28.4,   35.22,285E
SD20,26,03,03,13,10,39,    0.24,   24.55, 1016.40,   -28.3,   35.27,23F3
SD20,26,03,03,13,20,39,    0.24,   24.83, 1016.49,   -29.0,   35.01,F9BE
