SD,20,26,01,25,10,53,33,   21.00,   20.53, 1025.46,  -103.2,   36.96
SD,20,26,01,25,11,03,33,   21.00,   20.53, 1025.46,  -103.3,   37.04
SD,20,26,01,25,11,13,33,   21.00,   20.62, 1025.36,  -102.4,   37.02
SD,20,26,01,25,11,23,33,   21.00,   20.79, 1025.33,  -102.2,   36.80
SD,20,26,01,25,11,33,33,   21.00,   20.88, 1025.21,  -101.2,   36.76
SD,20,26,01,25,11,43,33,   21.00,   21.07, 1025.06,  -100.0,   36.62
SD,20,26,01,25,11,53,33,   21.00,   21.16, 1025.05,   -99.9,   36.51
SD,20,26,01,25,12,03,33,   21.00,   21.11, 1024.83,   -98.0,   36.25
SD,20,26,01,25,12,13,33,   21.00,   21.04, 1024.71,   -97.1,   35.99
SD,20,26,01,25,12,23,33,   21.00,   20.77, 1024.63,   -96.4,   36.31
SD,20,26,01,25,12,33,33,   21.00,   20.75, 1024.55,   -95.7,   36.47
SD,20,26,01,25,12,43,33,   21.00,   20.79, 1024.49,   -95.2,   36.26
SD,20,26,01,25,12,53,33,   21.00,   20.82, 1024.38,   -94.3,   36.07
SD,20,26,01,25,13,03,33,   21.00,   20.96, 1024.26,   -93.3,   35.89
SD,20,26,01,25,13,13,33,   21.00,   21.07, 1024.26,   -93.3,   35.57
SD,20,26,01,25,13,23,33,   21.00,   21.06, 1024.26,   -93.4,   35.64
SD,20,26,01,25,13,33,33,   21.00,   20.98, 1024.31,   -93.7,   35.53
SD,20,26,01,25,13,43,33,   21.00,   20.90, 1024.24,   -93.2,   35.93
SD,20,26,01,25,13,53,33,   21.00,   20.89, 1024.18,   -92.7,   36.04
SD,20,26,01,25,14,03,33,   21.00,   20.89, 1024.18,   -92.7,   36.07
SD,20,26,01,25,14,13,33,   21.00,   20.91, 1024.15,   -92.4,   36.06
SD,20,26,01,25,14,23,33,   21.00,   20.91, 1024.11,   -92.1,   36.06
SD,20,26,01,25,14,33,33,   21.00,   20.89, 1024.03,   -91.4,   36.14
SD,20,26,01,25,14,43,33,   21.00,   20.95, 1023.89,   -90.3,   36.18
SD,20,26,01,25,14,53,33,   21.00,   21.04, 1023.85,   -90.0,   36.25
SD,20,26,01,25,15,03,33,   21.00,   21.10, 1023.86,   -90.0,   36.27
SD,20,26,01,25,15,13,33,   21.00,   21.17, 1023.91,   -90.4,   36.35
SD,20,26,01,25,15,23,33,   21.00,   21.16, 1023.91,   -90.5,   36.21
SD,20,26,01,25,15,33,33,   21.00,   21.09, 1023.86,   -90.0,   36.24
SD,20,26,01,25,15,43,33,   21.00,   21.13, 1023.82,   -89.7,   36.25
SD,20,26,01,25,15,53,33,   21.00,   21.16, 1023.72,   -88.9,   36.03
SD,20,26,01,25,16,03,33,   21.00,   21.20, 1023.69,   -88.6,   36.16
SD,20,26,01,25,16,13,33,   21.00,   21.18, 1023.59,   -87.8,   36.11
SD,20,26,01,25,16,23,33,   21.00,   21.25, 1023.48,   -86.9,   36.02
SD,20,26,01,25,16,33,33,   21.00,   21.31, 1023.52,   -87.3,   36.03
SD,20,26,01,25,16,43,33,   21.00,   21.37, 1023.38,   -86.1,   35.95
SD,20,26,01,25,16,53,33,   21.00,   21.38, 1023.38,   -86.1,   36.02
SD,20,26,01,25,17,03,33,   21.00,   21.34, 1023.42,   -86.4,   35.94
SD,20,26,01,25,17,13,33,   21.00,   21.31, 1023.44,   -86.5,   35.98
SD,20,26,01,25,17,23,33,   21.00,   21.29, 1023.42,   -86.4,   36.62
SD,20,26,01,25,17,33,33,   22.00,   21.37, 1023.44,   -86.6,   36.89
SD,20,26,01,25,17,43,33,   22.00,   21.40, 1023.29,   -85.3,   37.10
SD,20,26,01,25,17,53,33,   22.00,   21.55, 1023.25,   -85.0,   37.09
SD,20,26,01,25,18,03,33,   22.00,   21.71, 1023.17,   -84.4,   36.89
SD,20,26,01,25,18,13,33,   22.00,   21.71, 1023.19,   -84.6,   37.09
SD,20,26,01,25,18,23,33,   22.00,   21.78, 1023.16,   -84.3,   36.49
SD,20,26,01,25,18,33,33,   22.00,   21.73, 1023.18,   -84.4,   36.31
SD,20,26,01,25,18,43,33,   21.00,   21.64, 1023.21,   -84.7,   36.34
SD,20,26,01,25,18,53,33,   21.00,   21.56, 1023.28,   -85.3,   36.34
SD,20,26,01,25,19,03,33,   21.00,   21.47, 1023.25,   -85.0,   36.35
SD,20,26,01,25,19,13,33,   21.00,   21.39, 1023.24,   -84.9,   36.55
SD,20,26,01,25,19,23,33,   21.00,   21.18, 1023.29,   -85.3,   37.29
SD,20,26,01,25,19,33,33,   21.00,   21.20, 1023.25,   -85.0,   37.48
SD,20,26,01,25,19,43,33,   21.00,   21.23, 1023.31,   -85.5,   37.46
SD,20,26,01,25,19,53,33,   21.00,   21.27, 1023.35,   -85.8,   37.44
SD,20,26,01,25,20,03,33,   21.00,   21.29, 1023.39,   -86.2,   37.38
SD,20,26,01,25,20,13,33,   21.00,   21.34, 1023.36,   -85.9,   37.27
SD,20,26,01,25,20,23,33,   22.00,   21.41, 1023.32,   -85.6,   37.28
SD,20,26,01,25,20,33,33,   22.00,   21.46, 1023.31,   -85.5,   37.01
SD,20,26,01,25,20,43,33,   22.00,   21.63, 1023.30,   -85.4,   36.77
SD,20,26,01,25,20,53,33,   22.00,   21.74, 1023.20,   -84.6,   36.85
SD,20,26,01,25,21,03,33,   22.00,   21.87, 1023.24,   -85.0,   36.72
SD,20,26,01,25,21,13,33,   22.00,   21.88, 1023.32,   -85.6,   36.57
SD,20,26,01,25,21,23,33,   22.00,   21.96, 1023.39,   -86.2,   37.18
SD,20,26,01,25,21,33,33,   22.00,   21.88, 1023.44,   -86.6,   37.51
SD,20,26,01,25,21,43,33,   22.00,   21.88, 1023.52,   -87.2,   37.73
SD,20,26,01,25,21,53,33,   22.00,   21.87, 1023.48,   -86.9,   37.74
SD,20,26,01,25,22,03,33,   22.00,   21.97, 1023.56,   -87.6,   37.13
SD,20,26,01,25,22,13,33,   22.00,   21.99, 1023.64,   -88.3,   37.26
SD,20,26,01,25,22,23,33,   22.00,   22.05, 1023.69,   -88.6,   37.17
SD,20,26,01,25,22,33,33,   22.00,   22.10, 1023.70,   -88.7,   37.13
SD,20,26,01,25,22,43,33,   22.00,   22.13, 1023.73,   -89.0,   37.04
SD,20,26,01,25,22,53,33,   22.00,   22.14, 1023.80,   -89.5,   37.07
SD,20,26,01,25,23,03,33,   22.00,   22.14, 1023.81,   -89.6,   37.16
SD,20,26,01,25,23,13,34,   22.00,   22.10, 1023.84,   -89.9,   37.26
SD,20,26,01,25,23,23,33,   22.00,   21.88, 1023.92,   -90.6,   36.73
SD,20,26,01,25,23,33,33,   22.00,   21.86, 1023.91,   -90.5,   36.38
SD,20,26,01,25,23,43,33,   22.00,   21.72, 1023.82,   -89.7,   36.44
SD,20,26,01,25,23,53,33,   22.00,   21.59, 1023.78,   -89.4,   36.59
SD,20,26,01,26,00,03,33,   22.00,   21.45, 1023.86,   -90.1,   36.63
SD,20,26,01,26,00,13,33,   22.00,   21.34, 1023.84,   -89.9,   36.71
SD,20,26,01,26,00,23,33,   21.00,   21.24, 1023.93,   -90.6,   36.75
SD,20,26,01,26,00,33,33,   21.00,   21.16, 1023.99,   -91.1,   36.76
SD,20,26,01,26,00,43,33,   21.00,   21.07, 1023.96,   -90.9,   36.83
SD,20,26,01,26,00,53,33,   21.00,   21.00, 1023.88,   -90.3,   36.83
SD,20,26,01,26,01,03,33,   21.00,   20.94, 1023.97,   -91.0,   36.83
SD,20,26,01,26,01,13,33,   21.00,   20.86, 1023.90,   -90.4,   36.89
SD,20,26,01,26,01,23,33,   21.00,   20.82, 1023.78,   -89.4,   36.83
SD,20,26,01,26,01,33,33,   21.00,   20.76, 1023.82,   -89.7,   36.84
SD,20,26,01,26,01,43,33,   21.00,   20.71, 1023.77,   -89.3,   36.89
SD,20,26,01,26,01,53,33,   21.00,   20.68, 1023.77,   -89.3,   36.83
SD,20,26,01,26,02,03,34,   21.00,   20.62, 1023.81,   -89.7,   36.88
SD,20,26,01,26,02,13,33,   21.00,   20.57, 1023.87,   -90.1,   36.84
SD,20,26,01,26,02,23,33,   21.00,   20.53, 1023.82,   -89.7,   36.83
SD,20,26,01,26,02,33,33,   21.00,   20.49, 1023.90,   -90.4,   36.81
SD,20,26,01,26,02,43,33,   21.00,   20.46, 1023.94,   -90.7,   36.82
SD,20,26,01,26,02,53,33,   21.00,   20.39, 1023.85,   -89.9,   36.83
SD,20,26,01,26,03,03,33,   21.00,   20.37, 1023.93,   -90.6,   36.82
SD,20,26,01,26,03,13,33,   20.00,   20.33, 1023.91,   -90.5,   36.81
SD,20,26,01,26,03,23,33,   20.00,   20.28, 1023.89,   -90.3,   36.78
SD,20,26,01,26,03,33,33,   20.00,   20.26, 1023.84,   -89.9,   36.78
SD,20,26,01,26,03,43,33,   20.00,   20.22, 1023.71,   -88.8,   36.75
SD,20,26,01,26,03,53,33,   20.00,   20.20, 1023.71,   -88.8,   36.73
SD,20,26,01,26,04,03,33,   20.00,   20.17, 1023.68,   -88.6,   36.76
SD,20,26,01,26,04,13,33,   20.00,   20.10, 1023.73,   -88.9,   36.72
SD,20,26,01,26,04,23,33,   20.00,   20.07, 1023.81,   -89.6,   36.73
SD,20,26,01,26,04,33,33,   20.00,   20.03, 1023.84,   -89.8,   36.72
SD,20,26,01,26,04,43,33,   20.00,   20.01, 1023.72,   -88.9,   36.69
SD,20,26,01,26,04,53,34,   20.00,   19.97, 1023.40,   -86.3,   36.67
SD,20,26,01,26,05,03,33,   20.00,   19.95, 1023.41,   -86.3,   36.65
SD,20,26,01,26,05,13,33,   20.00,   19.89, 1023.32,   -85.6,   36.64
SD,20,26,01,26,05,23,33,   20.00,   19.89, 1023.49,   -87.0,   36.64
SD,20,26,01,26,05,33,33,   20.00,   19.86, 1023.59,   -87.7,   36.61
SD,20,26,01,26,05,43,33,   20.00,   19.83, 1023.55,   -87.5,   36.56
SD,20,26,01,26,05,53,33,   20.00,   19.78, 1023.61,   -87.9,   36.59
SD,20,26,01,26,06,03,33,   20.00,   19.76, 1023.59,   -87.8,   36.56
SD,20,26,01,26,06,13,33,   20.00,   19.72, 1023.47,   -86.8,   36.61
SD,20,26,01,26,06,23,33,   20.00,   19.69, 1023.44,   -86.5,   36.55
SD,20,26,01,26,06,33,33,   20.00,   19.69, 1023.44,   -86.5,   36.54
SD,20,26,01,26,06,43,33,   20.00,   19.66, 1023.45,   -86.7,   36.47
SD,20,26,01,26,06,53,33,   20.00,   19.61, 1023.56,   -87.6,   36.49
SD,20,26,01,26,07,03,33,   20.00,   19.60, 1023.60,   -87.9,   36.45
SD,20,26,01,26,07,13,33,   20.00,   19.58, 1023.64,   -88.3,   36.44
SD,20,26,01,26,07,23,33,   20.00,   19.51, 1023.74,   -89.1,   36.48
SD,20,26,01,26,07,33,33,   20.00,   19.52, 1023.77,   -89.3,   36.44
SD,20,26,01,26,07,43,34,   20.00,   19.49, 1023.78,   -89.4,   36.38
SD,20,26,01,26,07,53,33,   19.00,   19.45, 1023.93,   -90.6,   36.40
SD,20,26,01,26,08,03,33,   20.00,   19.43, 1023.95,   -90.8,   36.41
SD,20,26,01,26,08,13,33,   19.00,   19.41, 1024.03,   -91.5,   36.34
SD,20,26,01,26,08,23,33,   19.00,   19.41, 1024.08,   -91.9,   36.10
SD,20,26,01,26,08,33,33,   20.00,   19.43, 1024.09,   -91.9,   35.67
SD,20,26,01,26,08,43,33,   20.00,   19.46, 1024.04,   -91.5,   35.68
SD,20,26,01,26,08,53,33,   20.00,   19.49, 1023.92,   -90.5,   35.77
SD,20,26,01,26,09,03,33,   20.00,   19.55, 1024.11,   -92.1,   35.79
SD,20,26,01,26,09,13,33,   20.00,   19.57, 1024.27,   -93.4,   35.80
SD,20,26,01,26,09,23,33,   20.00,   19.58, 1024.46,   -95.0,   35.87
SD,20,26,01,26,09,33,33,   20.00,   19.62, 1024.35,   -94.1,   35.89
SD,20,26,01,26,09,43,33,   20.00,   19.62, 1024.49,   -95.2,   35.95
SD,20,26,01,26,09,53,33,   20.00,   19.68, 1024.52,   -95.5,   35.95
SD,20,26,01,26,10,03,33,   20.00,   19.71, 1024.43,   -94.8,   35.96
SD,20,26,01,26,10,13,33,   20.00,   19.74, 1024.50,   -95.3,   35.99
SD,20,26,01,26,10,23,33,   20.00,   19.78, 1024.52,   -95.5,   35.97
SD,20,26,01,26,10,33,34,   20.00,   19.87, 1024.52,   -95.5,   36.13
SD,20,26,01,26,10,43,33,   21.00,   20.09, 1024.91,   -98.7,   36.56
SD,20,26,01,26,10,53,33,   21.00,   20.34, 1024.96,   -99.1,   36.54
SD,20,26,01,26,11,03,33,   21.00,   20.45, 1025.00,   -99.5,   36.53
SD,20,26,01,26,11,13,33,   21.00,   20.54, 1024.84,   -98.1,   36.72
SD,20,26,01,26,11,23,33,   21.00,   20.69, 1024.95,   -99.0,   36.71
SD,20,26,01,26,11,33,33,   21.00,   20.81, 1025.01,   -99.5,   36.69
SD,20,26,01,26,11,43,33,   21.00,   20.88, 1025.16,  -100.8,   36.74
SD,20,26,01,26,11,53,33,   21.00,   20.91, 1025.24,  -101.5,   36.79
SD,20,26,01,26,12,03,33,   21.00,   20.99, 1025.15,  -100.7,   36.74
SD,20,26,01,26,12,13,33,   21.00,   21.09, 1025.04,   -99.8,   36.69
SD,20,26,01,26,12,23,33,   21.00,   21.13, 1025.01,   -99.6,   36.66
SD,20,26,01,26,12,33,33,   21.00,   21.19, 1025.03,   -99.7,   36.66
SD,20,26,01,26,12,43,33,   21.00,   21.23, 1025.04,   -99.8,   36.65
SD,20,26,01,26,12,53,33,   21.00,   21.27, 1025.08,  -100.1,   36.35
SD,20,26,01,26,13,03,33,   21.00,   21.26, 1025.11,  -100.3,   36.17
SD,20,26,01,26,13,13,33,   21.00,   21.19, 1025.20,  -101.1,   36.12
SD,20,26,01,26,13,23,33,   21.00,   21.15, 1025.00,   -99.5,   36.06
SD,20,26,01,26,13,33,33,   21.00,   21.09, 1024.89,   -98.5,   36.09
SD,20,26,01,26,13,43,33,   21.00,   21.10, 1024.76,   -97.5,   36.26
SD,20,26,01,26,13,56,28,   21.75,   21.19, 1024.55,   -95.8,   36.54
SD,20,26,01,26,14,12,51,   21.75,   21.15, 1024.46,   -95.0,   36.62
SD,20,26,01,26,14,22,51,   21.75,   21.22, 1024.39,   -94.4,   36.38
SD,20,26,01,26,14,32,51,   21.75,   21.27, 1024.34,   -94.0,   36.39
SD,20,26,01,26,14,42,51,   21.75,   21.31, 1024.29,   -93.6,   36.56
SD,20,26,01,26,14,52,51,   22.00,   21.37, 1024.33,   -93.9,   36.77
SD,20,26,01,26,15,02,51,   22.00,   21.56, 1024.77,   -97.5,   36.73
SD,20,26,01,26,15,12,51,   22.00,   21.67, 1024.92,   -98.8,   36.87
SD,20,26,01,26,15,22,51,   22.25,   21.68, 1024.83,   -98.1,   36.89
SD,20,26,01,26,15,32,51,   22.00,   21.63, 1024.97,   -99.2,   36.66
SD,20,26,01,26,15,42,51,   22.25,   21.73, 1024.96,   -99.1,   36.73
SD,20,26,01,26,15,52,51,   22.50,   21.87, 1024.95,   -99.1,   36.77
SD,20,26,01,26,16,02,51,   22.50,   21.93, 1024.91,   -98.7,   36.84
SD,20,26,01,26,16,12,51,   22.75,   22.09, 1025.04,   -99.8,   37.87
SD,20,26,01,26,16,22,51,   22.50,   24.92,  699.20,  3019.7,   71.63
SD,20,26,01,26,16,42,51,   23.00,  181.09, -171.87,inf,  100.00
SD,20,26,01,26,16,52,51,   22.25,   24.92,  699.20,  3019.7,    0.00
SD,20,26,01,26,17,02,51,   22.00,   24.92,  699.20,  3019.7,    0.00
SD,20,26,01,26,17,12,51,   22.00,   24.92,  699.20,  3019.7,    0.00
SD,20,26,01,26,17,35,08,   22.00,   21.45, 1025.15,  -100.7,   37.18
SD,20,26,01,26,17,45,08,   22.00,   21.49, 1025.29,  -101.8,   36.31
SD,20,26,01,26,17,55,08,   22.00,   21.54, 1025.19,  -101.0,   36.54
SD,20,26,01,26,18,05,08,   22.00,   21.53, 1025.00,   -99.4,   36.85
SD,20,26,01,26,18,15,08,   22.25,   21.55, 1024.80,   -97.8,   37.00
SD,20,26,01,26,18,25,08,   22.25,   21.59, 1024.52,   -95.5,   37.09
SD,20,26,01,26,18,35,08,   22.25,   21.67, 1024.39,   -94.4,   37.10
SD,20,26,01,26,18,45,08,   22.25,   21.78, 1024.55,   -95.7,   36.92
SD,20,26,01,26,18,55,08,   22.25,   21.87, 1024.76,   -97.4,   36.71
SD,20,26,01,26,19,05,08,   22.25,   21.90, 1024.90,   -98.6,   36.66
SD,20,26,01,26,19,15,08,   22.25,   21.99, 1024.94,   -99.0,   36.54
SD,20,26,01,26,19,25,08,   22.25,   21.99, 1025.12,  -100.5,   36.54
SD,20,26,01,26,19,35,08,   22.50,   21.97, 1025.31,  -102.0,   36.62
SD,20,26,01,26,19,45,08,   22.25,   21.90, 1025.15,  -100.7,   36.77
SD,20,26,01,26,19,55,08,   22.50,   21.89, 1025.18,  -100.9,   36.79
SD,20,26,01,26,20,05,08,   22.25,   21.77, 1025.07,  -100.0,   36.81
SD,20,26,01,26,20,15,08,   22.25,   21.56, 1025.29,  -101.8,   36.95
SD,20,26,01,26,20,25,08,   21.75,   21.19, 1025.24,  -101.5,   37.86
SD,20,26,01,26,20,35,08,   22.00,   21.19, 1025.33,  -102.2,   37.82
SD,20,26,01,26,20,45,08,   22.00,   21.42, 1025.23,  -101.4,   37.91
SD,20,26,01,26,20,55,08,   22.00,   21.48, 1025.13,  -100.5,   37.81
SD,20,26,01,26,21,05,08,   22.25,   21.58, 1025.21,  -101.2,   37.95
SD,20,26,01,26,21,15,08,   22.25,   21.68, 1025.26,  -101.6,   37.99
SD,20,26,01,26,21,25,08,   22.50,   21.81, 1025.35,  -102.3,   37.69
SD,20,26,01,26,21,35,08,   22.25,   21.85, 1025.30,  -101.9,   37.82
SD,20,26,01,26,21,45,08,   22.50,   21.88, 1025.26,  -101.6,   37.84
SD,20,26,01,26,21,55,08,   22.50,   21.91, 1025.32,  -102.1,   37.54
SD,20,26,01,26,22,05,08,   22.50,   21.83, 1025.41,  -102.8,   37.56
SD,20,26,01,26,22,15,08,   22.25,   21.72, 1025.34,  -102.3,   37.98
SD,20,26,01,26,22,25,08,   22.50,   21.82, 1025.29,  -101.9,   38.00
SD,20,26,01,26,22,35,08,   22.75,   21.90, 1025.23,  -101.4,   37.82
SD,20,26,01,26,22,45,08,   22.75,   21.99, 1025.36,  -102.4,   37.67
SD,20,26,01,26,22,55,08,   22.75,   22.05, 1025.22,  -101.3,   37.58
SD,20,26,01,26,23,05,08,   23.00,   22.12, 1025.03,   -99.7,   37.54
SD,20,26,01,26,23,15,08,   22.75,   22.17, 1025.08,  -100.1,   37.56
SD,20,26,01,26,23,25,08,   22.75,   22.23, 1024.94,   -99.0,   37.51
SD,20,26,01,26,23,35,40,   23.00,   22.26, 1024.77,   -97.5,   37.35
SD,20,26,01,26,23,45,40,   22.75,   22.17, 1025.08,  -100.1,   37.21
SD,20,26,01,26,23,55,40,   22.50,   22.05, 1024.90,   -98.6,   37.19
SD,20,26,01,27,00,05,40,   22.50,   21.92, 1025.11,  -100.4,   37.34
SD,20,26,01,27,00,15,40,   22.25,   21.80, 1025.08,  -100.1,   37.40
SD,20,26,01,27,00,25,40,   22.25,   21.71, 1025.12,  -100.5,   37.42
SD,20,26,01,27,00,35,40,   22.25,   21.60, 1024.86,   -98.3,   37.53
SD,20,26,01,27,00,45,40,   22.00,   21.52, 1025.03,   -99.7,   37.52
SD,20,26,01,27,00,55,40,   22.00,   21.43, 1024.91,   -98.7,   37.62
SD,20,26,01,27,01,05,40,   22.00,   21.37, 1024.68,   -96.8,   37.57
SD,20,26,01,27,01,15,40,   21.75,   21.30, 1024.65,   -96.6,   37.57
SD,20,26,01,27,01,25,40,   21.75,   21.25, 1024.69,   -96.9,   37.61
SD,20,26,01,27,01,35,40,   21.75,   21.17, 1024.54,   -95.6,   37.63
SD,20,26,01,27,01,45,40,   21.75,   21.13, 1024.66,   -96.6,   37.69
SD,20,26,01,27,01,55,40,   21.75,   21.08, 1024.68,   -96.8,   37.64
SD,20,26,01,27,02,05,40,   21.50,   21.04, 1024.65,   -96.6,   37.69
SD,20,26,01,27,02,15,40,   21.50,   20.98, 1024.54,   -95.7,   37.69
SD,20,26,01,27,02,25,40,   21.50,   20.96, 1024.57,   -95.9,   37.66
SD,20,26,01,27,02,35,40,   21.50,   20.93, 1024.59,   -96.0,   37.63
SD,20,26,01,27,02,45,40,   21.50,   20.87, 1024.50,   -95.3,   37.68
SD,20,26,01,27,02,55,40,   21.50,   20.85, 1024.59,   -96.1,   37.65
SD,20,26,01,27,03,05,40,   21.25,   20.82, 1024.50,   -95.4,   37.64
SD,20,26,01,27,03,15,40,   21.25,   20.77, 1024.42,   -94.7,   37.65
SD,20,26,01,27,03,25,40,   21.50,   20.73, 1024.46,   -95.0,   37.69
SD,20,26,01,27,03,35,40,   21.25,   20.69, 1024.28,   -93.5,   37.62
SD,20,26,01,27,03,45,40,   21.25,   20.66, 1024.38,   -94.4,   37.63
SD,20,26,01,27,03,55,40,   21.25,   20.64, 1024.38,   -94.4,   37.65
SD,20,26,01,27,04,05,40,   21.25,   20.61, 1024.18,   -92.7,   37.59
SD,20,26,01,27,04,15,40,   21.25,   20.56, 1024.10,   -92.0,   37.63
SD,20,26,01,27,04,25,40,   21.00,   20.53, 1024.13,   -92.3,   37.62
SD,20,26,01,27,04,35,40,   21.00,   20.49, 1024.13,   -92.3,   37.62
SD,20,26,01,27,04,45,40,   21.00,   20.47, 1023.95,   -90.8,   37.64
SD,20,26,01,27,04,55,40,   21.00,   20.43, 1023.94,   -90.7,   37.61
SD,20,26,01,27,05,05,40,   21.00,   20.41, 1023.83,   -89.8,   37.65
SD,20,26,01,27,05,15,40,   21.00,   20.37, 1023.66,   -88.4,   37.55
SD,20,26,01,27,05,25,40,   21.00,   20.34, 1023.60,   -87.9,   37.54
SD,20,26,01,27,05,35,40,   21.00,   20.32, 1023.59,   -87.8,   37.55
SD,20,26,01,27,05,45,40,   20.75,   20.30, 1023.56,   -87.6,   37.53
SD,20,26,01,27,05,55,40,   20.75,   20.25, 1023.45,   -86.7,   37.54
SD,20,26,01,27,06,05,40,   20.75,   20.22, 1023.33,   -85.7,   37.53
SD,20,26,01,27,06,15,40,   20.75,   20.18, 1023.27,   -85.2,   37.52
SD,20,26,01,27,06,25,40,   20.75,   20.17, 1023.34,   -85.8,   37.50
SD,20,26,01,27,06,35,40,   20.75,   20.13, 1023.28,   -85.3,   37.53
SD,20,26,01,27,06,45,40,   20.75,   20.12, 1023.24,   -84.9,   37.54
SD,20,26,01,27,06,55,40,   20.75,   20.08, 1023.18,   -84.5,   37.49
SD,20,26,01,27,07,05,40,   20.50,   20.07, 1023.13,   -84.0,   37.48
SD,20,26,01,27,07,15,40,   20.50,   20.04, 1023.19,   -84.5,   37.53
SD,20,26,01,27,07,25,40,   20.50,   20.02, 1023.00,   -82.9,   37.52
SD,20,26,01,27,07,35,40,   20.50,   20.00, 1022.93,   -82.4,   37.46
SD,20,26,01,27,07,45,40,   20.50,   19.96, 1023.06,   -83.4,   37.50
SD,20,26,01,27,07,55,40,   20.50,   19.94, 1023.04,   -83.2,   37.46
SD,20,26,01,27,08,05,40,   20.50,   19.94, 1023.00,   -83.0,   37.42
SD,20,26,01,27,08,15,40,   20.50,   19.92, 1023.04,   -83.2,   37.41
SD,20,26,01,27,08,25,40,   20.50,   19.92, 1023.10,   -83.8,   37.33
SD,20,26,01,27,08,35,40,   20.50,   19.92, 1022.99,   -82.9,   37.23
SD,20,26,01,27,08,45,40,   20.50,   20.00, 1022.92,   -82.3,   37.13
SD,20,26,01,27,08,55,40,   20.75,   20.03, 1022.79,   -81.2,   37.18
SD,20,26,01,27,09,05,40,   20.75,   20.09, 1022.66,   -80.2,   37.13
SD,20,26,01,27,09,15,40,   20.75,   20.13, 1022.54,   -79.2,   37.12
SD,20,26,01,27,09,25,40,   20.75,   20.17, 1022.55,   -79.2,   37.14
SD,20,26,01,27,09,35,40,   21.00,   20.21, 1022.45,   -78.4,   37.62
SD,20,26,01,27,09,45,40,   21.25,   20.53, 1022.39,   -77.9,   37.46
SD,20,26,01,27,09,55,40,   21.50,   20.67, 1022.37,   -77.7,   37.56
SD,20,26,01,27,10,05,40,   21.75,   20.71, 1022.40,   -78.0,   37.84
SD,20,26,01,27,10,15,40,   21.75,   20.95, 1022.32,   -77.3,   37.60
SD,20,26,01,27,10,25,40,   21.75,   20.98, 1022.18,   -76.2,   37.76
SD,20,26,01,27,10,35,40,   22.25,   21.09, 1022.03,   -74.9,   37.73
SD,20,26,01,27,10,45,40,   22.00,   21.19, 1021.92,   -74.0,   37.63
SD,20,26,01,27,10,55,40,   22.00,   21.29, 1021.93,   -74.1,   37.53
SD,20,26,01,27,11,05,41,   22.00,   21.33, 1021.75,   -72.7,   37.05
SD,20,26,01,27,11,15,41,   21.75,   21.26, 1021.52,   -70.7,   36.99
SD,20,26,01,27,11,25,41,   22.00,   21.19, 1021.34,   -69.3,   37.12
SD,20,26,01,27,11,45,00,   22.00,   21.05, 1020.94,   -65.9,   37.27
SD,20,26,01,27,11,55,00,   22.00,   21.11, 1020.79,   -64.6,   36.50
SD,20,26,01,27,12,05,00,   22.00,   20.87, 1020.71,   -64.0,   37.20
SD,20,26,01,27,12,24,18,   21.75,   20.86, 1020.38,   -61.3,   37.04
SD,20,26,01,27,12,34,18,   21.75,   20.76, 1020.25,   -60.2,   37.34
SD,20,26,01,27,12,44,18,   22.00,   21.06, 1020.15,   -59.4,   36.93
SD,20,26,01,27,12,54,18,   22.00,   21.11, 1020.02,   -58.3,   36.72
SD,20,26,01,27,13,04,18,   22.25,   21.19, 1019.87,   -57.1,   36.89
SD,20,26,01,27,13,16,17,   22.25,   21.31, 1019.72,   -55.8,   37.10
SD,20,26,01,27,13,26,17,   22.25,   21.46, 1019.58,   -54.6,   36.97
SD,20,26,01,27,13,36,17,   22.25,   21.52, 1019.32,   -52.5,   36.97
SD,20,26,01,27,13,46,17,   22.25,   21.55, 1019.19,   -51.4,   36.97
SD,20,26,01,27,13,56,17,   22.25,   21.54, 1019.00,   -49.8,   37.06
SD,20,26,01,27,14,06,17,   22.50,   21.54, 1018.90,   -49.0,   37.13
SD,20,26,01,27,14,16,17,   22.25,   21.52, 1018.97,   -49.6,   37.86
SD,20,26,01,27,14,26,17,   22.50,   21.66, 1019.00,   -49.8,   37.95
SD,20,26,01,27,14,36,17,   22.25,   21.70, 1019.09,   -50.6,   38.24
SD,20,26,01,27,14,46,17,   22.50,   21.64, 1019.02,   -50.0,   37.92
SD,20,26,01,27,14,56,17,   22.50,   21.60, 1018.79,   -48.1,   37.70
SD,20,26,01,27,16,08,27,   22.75,   21.81, 1018.37,   -44.6,   37.77
SD,20,26,01,27,16,18,27,   22.75,   21.89, 1018.27,   -43.8,   37.68
SD,20,26,01,27,16,28,27,   22.75,   21.90, 1018.18,   -43.1,   37.67
SD,20,26,01,27,16,38,27,   22.75,   21.95, 1018.02,   -41.7,   37.65
SD,20,26,01,27,16,48,27,   22.75,   21.95, 1018.00,   -41.6,   37.40
SD,20,26,01,27,16,58,27,   23.00,   22.16, 1018.01,   -41.7,   38.04
SD,20,26,01,27,17,08,27,   23.00,   22.29, 1017.83,   -40.1,   38.11
SD,20,26,01,27,17,18,27,   23.00,   22.34, 1017.84,   -40.2,   38.07
SD,20,26,01,27,17,28,27,   23.00,   22.42, 1017.78,   -39.7,   38.12
SD,20,26,01,27,17,38,27,   23.25,   22.44, 1017.65,   -38.6,   38.03
SD,20,26,01,27,17,48,27,   23.00,   22.48, 1017.48,   -37.3,   37.92
SD,20,26,01,27,17,58,27,   22.75,   22.43, 1017.34,   -36.1,   37.63
SD,20,26,01,27,18,08,27,   22.75,   22.33, 1017.17,   -34.7,   37.50
SD,20,26,01,27,18,18,27,   23.00,   22.31, 1016.75,   -31.1,   37.53
SD,20,26,01,27,18,28,27,   23.00,   22.27, 1016.59,   -29.9,   37.49
SD,20,26,01,27,18,38,27,   23.00,   22.27, 1016.89,   -32.3,   37.51
SD,20,26,01,27,18,48,27,   23.00,   22.23, 1017.14,   -34.4,   37.49
SD,20,26,01,27,18,58,27,   23.00,   22.22, 1017.24,   -35.3,   37.54
SD,20,26,01,27,19,08,27,   22.75,   22.17, 1017.33,   -36.0,   37.63
SD,20,26,01,27,19,18,27,   23.00,   22.23, 1017.35,   -36.1,   37.49
SD,20,26,01,27,19,28,27,   23.00,   22.13, 1017.43,   -36.8,   37.77
SD,20,26,01,27,19,38,27,   23.00,   22.17, 1017.68,   -38.9,   37.66
SD,20,26,01,27,19,48,27,   23.00,   22.23, 1017.70,   -39.0,   37.51
SD,20,26,01,27,19,58,27,   22.75,   22.20, 1017.67,   -38.8,   37.38
SD,20,26,01,27,20,08,27,   22.75,   22.15, 1017.59,   -38.1,   37.36
SD,20,26,01,27,20,18,27,   22.75,   22.12, 1017.50,   -37.4,   37.57
SD,20,26,01,27,20,28,27,   22.75,   22.25, 1017.74,   -39.4,   37.61
SD,20,26,01,27,20,38,27,   22.75,   22.32, 1017.87,   -40.4,   37.66
SD,20,26,01,27,20,48,27,   22.75,   22.38, 1017.82,   -40.1,   37.62
SD,20,26,01,27,20,58,27,   23.00,   22.44, 1017.83,   -40.1,   37.69
SD,20,26,01,27,21,08,27,   23.00,   22.50, 1018.01,   -41.7,   37.59
SD,20,26,01,27,21,18,27,   23.00,   22.53, 1018.02,   -41.7,   37.80
SD,20,26,01,27,21,28,27,   23.00,   22.37, 1018.15,   -42.8,   37.42
SD,20,26,01,27,21,38,27,   22.75,   22.33, 1018.40,   -44.9,   37.53
SD,20,26,01,27,21,48,27,   22.75,   22.31, 1018.59,   -46.4,   37.53
SD,20,26,01,27,21,58,27,   22.75,   22.36, 1018.56,   -46.2,   37.49
SD,20,26,01,27,22,08,27,   22.75,   22.35, 1018.69,   -47.3,   37.48
SD,20,26,01,27,22,18,27,   22.75,   22.32, 1018.78,   -48.0,   37.54
SD,20,26,01,27,22,28,27,   22.75,   22.36, 1018.95,   -49.4,   37.51
SD,20,26,01,27,22,46,43,   22.75,   22.45, 1019.17,   -51.3,   37.37
SD,20,26,01,27,22,56,43,   23.00,   22.44, 1019.30,   -52.4,   37.43
SD,20,26,01,27,23,06,43,   22.75,   22.37, 1019.03,   -50.1,   37.10
SD,20,26,01,27,23,16,43,   22.75,   22.32, 1019.23,   -51.7,   37.13
SD,20,26,01,27,23,26,43,   22.75,   22.21, 1019.07,   -50.4,   37.29
SD,20,26,01,27,23,36,43,   22.75,   22.12, 1019.29,   -52.3,   37.36
SD,20,26,01,27,23,46,43,   22.50,   22.01, 1019.42,   -53.3,   37.46
SD,20,26,01,27,23,56,43,   22.50,   21.93, 1019.87,   -57.1,   37.53
SD,20,26,01,28,00,06,43,   22.50,   21.83, 1019.82,   -56.6,   37.64
SD,20,26,01,28,00,16,43,   22.25,   21.77, 1019.77,   -56.2,   37.71
SD,20,26,01,28,00,26,43,   22.50,   21.71, 1019.86,   -57.0,   37.74
SD,20,26,01,28,00,36,43,   22.25,   21.67, 1019.89,   -57.2,   37.78
SD,20,26,01,28,00,46,43,   22.25,   21.62, 1019.96,   -57.8,   37.84
SD,20,26,01,28,00,56,43,   22.25,   21.58, 1019.81,   -56.6,   37.84
SD,20,26,01,28,01,06,43,   22.25,   21.53, 1019.79,   -56.4,   37.82
SD,20,26,01,28,01,16,43,   22.25,   21.48, 1019.71,   -55.7,   37.86
SD,20,26,01,28,01,26,43,   22.00,   21.47, 1020.06,   -58.6,   37.86
SD,20,26,01,28,01,36,43,   22.00,   21.44, 1020.17,   -59.5,   37.92
SD,20,26,01,28,01,46,43,   22.00,   21.39, 1020.09,   -58.9,   37.92
SD,20,26,01,28,01,56,43,   22.00,   21.38, 1020.17,   -59.6,   37.99
SD,20,26,01,28,02,06,43,   22.00,   21.35, 1020.26,   -60.3,   37.95
SD,20,26,01,28,02,16,43,   22.00,   21.33, 1020.36,   -61.1,   37.95
SD,20,26,01,28,02,26,43,   22.00,   21.30, 1020.37,   -61.2,   38.01
SD,20,26,01,28,02,36,43,   22.00,   21.30, 1020.47,   -62.0,   37.98
SD,20,26,01,28,02,46,43,   21.75,   21.28, 1020.46,   -61.9,   37.98
SD,20,26,01,28,02,56,43,   22.00,   21.24, 1020.31,   -60.7,   38.01
SD,20,26,01,28,03,06,43,   21.75,   21.24, 1020.63,   -63.3,   37.95
SD,20,26,01,28,03,16,43,   22.00,   21.19, 1020.80,   -64.7,   37.99
SD,20,26,01,28,03,26,43,   22.00,   21.18, 1020.98,   -66.3,   37.97
SD,20,26,01,28,03,36,43,   21.75,   21.16, 1021.13,   -67.5,   37.97
SD,20,26,01,28,03,46,43,   21.75,   21.13, 1021.32,   -69.1,   37.98
SD,20,26,01,28,03,56,43,   21.75,   21.12, 1021.45,   -70.2,   37.96
SD,20,26,01,28,04,06,43,   21.75,   21.10, 1021.57,   -71.2,   37.95
SD,20,26,01,28,04,16,43,   21.75,   21.08, 1021.64,   -71.7,   37.97
SD,20,26,01,28,04,26,43,   21.75,   21.06, 1021.77,   -72.8,   37.97
SD,20,26,01,28,04,36,43,   21.75,   21.05, 1021.85,   -73.4,   37.95
SD,20,26,01,28,04,46,43,   21.75,   21.02, 1022.02,   -74.8,   37.98
SD,20,26,01,28,04,56,43,   21.75,   21.02, 1022.09,   -75.4,   37.97
SD,20,26,01,28,05,06,43,   21.50,   20.98, 1022.13,   -75.7,   37.97
SD,20,26,01,28,05,16,43,   21.75,   20.97, 1022.42,   -78.1,   37.98
SD,20,26,01,28,05,26,43,   21.50,   20.94, 1022.34,   -77.5,   38.01
SD,20,26,01,28,05,36,43,   21.75,   20.92, 1022.38,   -77.8,   37.97
SD,20,26,01,28,05,46,43,   21.50,   20.92, 1022.46,   -78.5,   37.98
SD,20,26,01,28,05,56,43,   21.75,   20.89, 1022.49,   -78.8,   38.01
SD,20,26,01,28,06,06,43,   21.50,   20.88, 1022.65,   -80.1,   38.00
SD,20,26,01,28,06,16,43,   21.50,   20.86, 1022.76,   -81.0,   38.00
SD,20,26,01,28,06,26,43,   21.50,   20.85, 1022.73,   -80.7,   38.02
SD,20,26,01,28,06,36,43,   21.50,   20.83, 1022.87,   -81.9,   38.01
SD,20,26,01,28,06,46,43,   21.50,   20.81, 1022.99,   -82.8,   38.04
SD,20,26,01,28,06,56,43,   21.50,   20.80, 1023.07,   -83.5,   38.03
SD,20,26,01,28,07,06,43,   21.50,   20.79, 1023.28,   -85.3,   38.03
SD,20,26,01,28,07,16,43,   21.50,   20.77, 1023.43,   -86.5,   38.04
SD,20,26,01,28,07,26,43,   21.25,   20.74, 1023.53,   -87.4,   38.04
SD,20,26,01,28,07,36,43,   21.25,   20.75, 1023.67,   -88.5,   38.01
SD,20,26,01,28,07,46,43,   21.50,   20.73, 1023.79,   -89.5,   38.02
SD,20,26,01,28,07,56,43,   21.50,   20.72, 1023.90,   -90.4,   38.03
SD,20,26,01,28,08,06,43,   21.25,   20.71, 1023.92,   -90.6,   38.04
SD,20,26,01,28,08,16,43,   21.25,   20.71, 1024.33,   -93.9,   38.01
SD,20,26,01,28,08,26,43,   21.50,   20.71, 1024.48,   -95.1,   38.00
SD,20,26,01,28,08,36,43,   21.50,   20.70, 1024.55,   -95.8,   38.05
SD,20,26,01,28,08,46,43,   21.75,   20.90, 1024.67,   -96.7,   38.42
SD,20,26,01,28,08,56,43,   21.75,   20.97, 1024.82,   -98.0,   38.72
SD,20,26,01,28,09,06,43,   22.00,   21.08, 1024.86,   -98.3,   38.72
SD,20,26,01,28,09,16,43,   22.00,   21.17, 1024.96,   -99.1,   38.42
SD,20,26,01,28,09,26,43,   22.00,   21.24, 1025.08,  -100.1,   38.59
SD,20,26,01,28,09,36,43,   22.25,   21.20, 1025.04,   -99.8,   38.78
SD,20,26,01,28,09,46,43,   22.25,   21.40, 1025.02,   -99.6,   38.69
SD,20,26,01,28,09,56,43,   22.00,   21.44, 1024.89,   -98.6,   38.39
SD,20,26,01,28,10,06,43,   22.00,   21.45, 1024.88,   -98.5,   38.23
SD,20,26,01,28,10,16,43,   22.00,   21.45, 1024.99,   -99.4,   38.17
SD,20,26,01,28,10,26,43,   22.00,   21.44, 1025.03,   -99.7,   38.15
SD,20,26,01,28,10,36,43,   22.00,   21.45, 1025.18,  -100.9,   38.13
SD,20,26,01,28,10,46,43,   22.00,   21.43, 1025.23,  -101.3,   38.17
SD,20,26,01,28,10,56,43,   22.00,   21.44, 1025.09,  -100.2,   38.13
SD,20,26,01,28,11,06,44,   22.00,   21.43, 1025.13,  -100.5,   38.17
SD,20,26,01,28,11,16,44,   22.00,   21.43, 1025.31,  -102.0,   38.17
SD,20,26,01,28,11,26,44,   22.00,   21.44, 1025.37,  -102.5,   38.18
SD,20,26,01,28,11,36,44,   22.00,   21.45, 1025.36,  -102.4,   38.17
SD,20,26,01,28,11,46,44,   22.00,   21.45, 1025.22,  -101.2,   38.20
SD,20,26,01,28,11,56,44,   22.25,   21.43, 1025.14,  -100.6,   39.32
SD,20,26,01,28,12,06,44,   22.25,   21.44, 1025.15,  -100.7,   39.09
SD,20,26,01,28,12,16,44,   22.25,   21.57, 1025.16,  -100.8,   39.22
SD,20,26,01,28,12,26,44,   22.50,   21.64, 1025.21,  -101.2,   39.29
SD,20,26,01,28,12,36,44,   22.50,   21.76, 1025.24,  -101.4,   39.04
SD,20,26,01,28,12,46,44,   22.75,   21.93, 1025.28,  -101.8,   38.78
SD,20,26,01,28,12,56,44,   22.50,   22.00, 1025.23,  -101.3,   38.53
SD,20,26,01,28,13,06,44,   22.50,   21.97, 1025.03,   -99.7,   38.38
SD,20,26,01,28,13,16,44,   22.75,   21.99, 1024.95,   -99.1,   38.47
SD,20,26,01,28,13,26,44,   23.00,   22.07, 1024.97,   -99.2,   38.60
SD,20,26,01,28,13,36,44,   23.00,   22.13, 1024.99,   -99.4,   38.74
SD,20,26,01,28,13,46,44,   23.00,   22.17, 1025.00,   -99.4,   38.81
SD,20,26,01,28,13,56,44,   23.00,   22.22, 1025.06,  -100.0,   38.65
SD,20,26,01,28,14,06,44,   23.25,   22.33, 1025.17,  -100.9,   38.57
SD,20,26,01,28,14,16,44,   23.00,   22.35, 1025.07,  -100.0,   38.72
SD,20,26,01,28,14,26,44,   23.25,   22.36, 1024.99,   -99.4,   38.92
SD,20,26,01,28,14,40,39,   23.25,   22.32, 1024.78,   -97.6,   38.75
SD,20,26,01,28,14,50,39,   23.25,   22.32, 1024.79,   -97.8,   38.75
SD,20,26,01,28,15,00,39,   23.25,   22.33, 1024.84,   -98.2,   38.79
SD,20,26,01,28,15,10,39,   23.00,   22.34, 1024.82,   -98.0,   38.77
SD,20,26,01,28,15,20,39,   23.00,   22.28, 1024.75,   -97.4,   38.61
SD,20,26,01,28,15,30,39,   23.25,   22.33, 1024.67,   -96.7,   38.57
SD,20,26,01,28,15,40,39,   23.25,   22.41, 1024.71,   -97.1,   38.69
SD,20,26,01,28,15,50,39,   23.25,   22.42, 1024.77,   -97.5,   38.72
SD,20,26,01,28,16,00,39,   23.25,   22.46, 1024.69,   -96.9,   38.66
SD,20,26,01,28,16,10,39,   23.25,   22.46, 1024.74,   -97.3,   38.78
SD,20,26,01,28,16,20,39,   23.25,   22.52, 1024.71,   -97.1,   38.94
SD,20,26,01,28,16,30,39,   23.25,   22.45, 1024.75,   -97.4,   38.62
SD,20,26,01,28,16,40,39,   23.25,   22.56, 1024.63,   -96.4,   38.28
SD,20,26,01,28,16,50,39,   23.25,   22.68, 1024.47,   -95.1,   38.62
SD,20,26,01,28,17,00,39,   23.25,   22.77, 1024.30,   -93.7,   38.78
SD,20,26,01,28,17,10,39,   23.50,   22.85, 1024.40,   -94.5,   38.62
SD,20,26,01,28,17,20,39,   23.50,   22.82, 1024.28,   -93.5,   38.75
SD,20,26,01,28,17,30,39,   23.25,   22.81, 1024.29,   -93.6,   38.70
SD,20,26,01,28,17,40,39,   23.50,   22.83, 1024.34,   -94.0,   39.11
SD,20,26,01,28,17,50,39,   23.25,   22.81, 1024.44,   -94.8,   39.07
SD,20,26,01,28,18,00,39,   23.25,   22.76, 1024.44,   -94.8,   38.96
SD,20,26,01,28,18,10,39,   23.50,   22.66, 1024.47,   -95.1,   39.17
SD,20,26,01,28,18,20,39,   23.50,   22.70, 1024.57,   -95.9,   39.16
SD,20,26,01,28,18,30,39,   23.50,   22.71, 1024.52,   -95.5,   39.14
SD,20,26,01,28,18,40,39,   23.75,   22.74, 1024.52,   -95.5,   39.14
SD,20,26,01,28,18,50,39,   23.50,   22.71, 1024.48,   -95.2,   39.20
SD,20,26,01,28,19,00,39,   23.75,   22.86, 1024.46,   -95.0,   38.84
SD,20,26,01,28,19,10,39,   23.75,   22.97, 1024.39,   -94.4,   38.90
SD,20,26,01,28,19,20,39,   23.75,   22.95, 1024.34,   -94.0,   38.67
SD,20,26,01,28,19,30,39,   23.50,   22.94, 1024.30,   -93.7,   38.61
SD,20,26,01,28,19,40,39,   23.50,   22.94, 1024.42,   -94.6,   38.42
SD,20,26,01,28,19,50,39,   23.50,   22.99, 1024.26,   -93.4,   38.33
SD,20,26,01,28,20,00,39,   23.75,   22.96, 1024.29,   -93.6,   38.46
SD,20,26,01,28,20,10,39,   23.75,   22.90, 1024.10,   -92.0,   38.42
SD,20,26,01,28,20,20,39,   23.50,   22.85, 1024.06,   -91.7,   38.49
SD,20,26,01,28,20,30,39,   23.00,   22.63, 1024.11,   -92.1,   38.79
SD,20,26,01,28,20,40,39,   23.25,   22.60, 1024.19,   -92.8,   39.42
SD,20,26,01,28,20,50,39,   23.25,   22.65, 1024.19,   -92.8,   39.40
SD,20,26,01,28,21,00,39,   23.25,   22.71, 1024.25,   -93.2,   39.71
SD,20,26,01,28,21,10,39,   23.50,   22.75, 1024.14,   -92.4,   39.42
SD,20,26,01,28,21,20,39,   23.50,   22.80, 1024.04,   -91.6,   39.28
SD,20,26,01,28,21,30,39,   23.50,   23.12, 1023.92,   -90.6,   38.78
SD,20,26,01,28,21,40,39,   23.50,   22.70, 1023.91,   -90.5,   39.04
SD,20,26,01,28,21,50,39,   23.00,   22.52, 1023.93,   -90.6,   39.37
SD,20,26,01,28,22,00,39,   23.00,   22.44, 1023.88,   -90.2,   39.12
SD,20,26,01,28,22,10,39,   23.00,   22.42, 1023.99,   -91.1,   39.20
SD,20,26,01,28,22,20,39,   23.00,   22.34, 1024.02,   -91.4,   39.04
SD,20,26,01,28,22,30,39,   23.00,   22.34, 1024.02,   -91.4,   39.07
SD,20,26,01,28,22,40,39,   23.00,   22.37, 1023.91,   -90.5,   38.95
SD,20,26,01,28,22,50,39,   23.00,   22.30, 1024.06,   -91.7,   39.00
SD,20,26,01,28,23,00,39,   23.00,   22.27, 1024.02,   -91.4,   38.99
SD,20,26,01,28,23,10,39,   23.00,   22.31, 1023.79,   -89.4,   38.83
SD,20,26,01,28,23,20,39,   23.00,   22.28, 1023.63,   -88.2,   38.69
SD,20,26,01,28,23,30,39,   23.00,   22.23, 1023.65,   -88.3,   38.73
SD,20,26,01,28,23,40,39,   22.75,   22.16, 1023.64,   -88.2,   38.76
SD,20,26,01,28,23,50,39,   22.75,   22.11, 1023.68,   -88.5,   38.83
SD,20,26,01,29,00,00,39,   22.75,   22.03, 1023.62,   -88.0,   38.89
SD,20,26,01,29,00,10,39,   22.75,   22.00, 1023.64,   -88.3,   38.90
SD,20,26,01,29,00,20,39,   22.75,   21.93, 1023.60,   -87.9,   38.95
SD,20,26,01,29,00,30,39,   22.50,   21.74, 1023.60,   -87.9,   39.08
SD,20,26,01,29,00,40,39,   22.25,   21.64, 1023.48,   -86.9,   39.22
SD,20,26,01,29,00,50,39,   22.25,   21.56, 1023.44,   -86.6,   39.37
SD,20,26,01,29,01,00,39,   22.25,   21.48, 1023.41,   -86.3,   39.48
SD,20,26,01,29,01,10,39,   22.25,   21.44, 1023.28,   -85.3,   39.45
SD,20,26,01,29,01,20,39,   22.25,   21.38, 1023.25,   -85.1,   39.49
SD,20,26,01,29,01,30,39,   22.00,   21.33, 1023.12,   -84.0,   39.50
SD,20,26,01,29,01,40,39,   22.00,   21.28, 1023.05,   -83.3,   39.51
SD,20,26,01,29,01,50,39,   22.00,   21.26, 1023.13,   -84.0,   39.56
SD,20,26,01,29,02,00,39,   21.75,   21.20, 1023.16,   -84.2,   39.61
SD,20,26,01,29,02,10,39,   22.00,   21.16, 1023.00,   -83.0,   39.72
SD,20,26,01,29,02,20,39,   21.75,   21.12, 1022.82,   -81.5,   39.78
SD,20,26,01,29,02,30,39,   21.75,   21.08, 1022.87,   -81.9,   39.82
SD,20,26,01,29,02,40,39,   21.75,   21.06, 1022.92,   -82.3,   39.75
SD,20,26,01,29,02,50,39,   21.75,   21.03, 1022.80,   -81.3,   39.74
SD,20,26,01,29,03,00,39,   21.75,   21.03, 1022.70,   -80.5,   39.78
SD,20,26,01,29,03,10,39,   21.75,   21.00, 1022.63,   -79.9,   39.80
SD,20,26,01,29,03,20,39,   21.75,   20.96, 1022.57,   -79.4,   39.82
SD,20,26,01,29,03,30,39,   21.50,   20.93, 1022.56,   -79.3,   39.83
SD,20,26,01,29,03,40,39,   21.75,   20.91, 1022.58,   -79.5,   39.82
SD,20,26,01,29,03,50,39,   21.50,   20.88, 1022.45,   -78.4,   39.83
SD,20,26,01,29,04,00,39,   21.50,   20.84, 1022.35,   -77.6,   39.87
SD,20,26,01,29,04,10,39,   21.50,   20.83, 1022.32,   -77.3,   39.87
SD,20,26,01,29,04,20,39,   21.50,   20.77, 1022.27,   -76.9,   39.92
SD,20,26,01,29,04,30,39,   21.50,   20.76, 1022.26,   -76.8,   39.89
SD,20,26,01,29,04,40,39,   21.50,   20.74, 1022.16,   -76.0,   39.89
SD,20,26,01,29,04,50,39,   21.50,   20.70, 1022.08,   -75.3,   39.89
SD,20,26,01,29,05,00,39,   21.50,   20.66, 1022.12,   -75.7,   39.88
SD,20,26,01,29,05,10,39,   21.25,   20.67, 1022.18,   -76.1,   39.80
SD,20,26,01,29,05,20,39,   21.25,   20.62, 1022.20,   -76.4,   39.89
SD,20,26,01,29,05,30,39,   21.25,   20.59, 1022.06,   -75.2,   39.92
SD,20,26,01,29,05,40,39,   21.25,   20.55, 1022.00,   -74.7,   39.91
SD,20,26,01,29,05,50,39,   21.25,   20.55, 1021.86,   -73.6,   39.84
SD,20,26,01,29,06,00,39,   21.00,   20.53, 1021.82,   -73.2,   39.84
SD,20,26,01,29,06,10,39,   21.25,   20.50, 1022.12,   -75.7,   39.93
SD,20,26,01,29,06,20,39,   21.25,   20.47, 1021.90,   -73.9,   39.93
SD,20,26,01,29,06,30,39,   21.00,   20.45, 1022.01,   -74.8,   39.93
SD,20,26,01,29,06,40,39,   21.00,   20.45, 1022.23,   -76.6,   39.91
SD,20,26,01,29,06,50,39,   21.00,   20.45, 1022.61,   -79.7,   39.99
SD,20,26,01,29,07,00,39,   21.25,   20.43, 1022.44,   -78.3,   40.03
SD,20,26,01,29,07,10,39,   21.00,   20.40, 1022.08,   -75.3,   40.08
SD,20,26,01,29,07,20,39,   21.00,   20.40, 1022.08,   -75.4,   40.03
SD,20,26,01,29,07,30,39,   21.00,   20.37, 1022.14,   -75.8,   40.05
SD,20,26,01,29,07,40,39,   21.00,   20.36, 1022.36,   -77.7,   40.01
SD,20,26,01,29,07,50,39,   21.25,   20.50, 1022.71,   -80.6,   39.82
SD,20,26,01,29,08,00,39,   21.50,   20.67, 1022.75,   -80.9,   39.96
SD,20,26,01,29,08,10,39,   21.75,   20.84, 1022.70,   -80.5,   40.32
SD,20,26,01,29,08,20,39,   22.00,   21.14, 1023.10,   -83.9,   40.05
SD,20,26,01,29,08,30,39,   22.25,   21.30, 1023.37,   -86.0,   40.09
SD,20,26,01,29,08,40,39,   22.25,   21.39, 1023.46,   -86.8,   40.11
SD,20,26,01,29,08,50,39,   22.50,   21.46, 1023.73,   -88.9,   40.16
SD,20,26,01,29,09,00,39,   22.50,   21.60, 1023.78,   -89.4,   40.11
SD,20,26,01,29,09,10,39,   22.50,   21.76, 1023.57,   -87.7,   39.95
SD,20,26,01,29,09,20,39,   22.50,   21.83, 1023.71,   -88.8,   40.08
SD,20,26,01,29,09,30,39,   22.50,   21.73, 1023.85,   -90.0,   40.19
SD,20,26,01,29,09,40,39,   22.50,   21.79, 1024.03,   -91.5,   40.39
SD,20,26,01,29,09,50,39,   22.75,   21.84, 1024.14,   -92.4,   40.55
SD,20,26,01,29,10,00,39,   22.75,   21.89, 1024.35,   -94.1,   40.33
SD,20,26,01,29,10,10,39,   23.00,   21.95, 1024.49,   -95.2,   40.44
SD,20,26,01,29,10,20,39,   23.00,   21.99, 1024.18,   -92.7,   40.47
SD,20,26,01,29,10,30,39,   23.00,   21.96, 1024.30,   -93.7,   40.38
SD,20,26,01,29,10,40,39,   22.75,   21.95, 1024.60,   -96.2,   40.16
SD,20,26,01,29,10,50,39,   22.75,   21.92, 1025.01,   -99.6,   40.04
SD,20,26,01,29,11,00,39,   22.75,   21.90, 1024.89,   -98.5,   39.96
SD,20,26,01,29,11,10,39,   22.50,   21.84, 1024.85,   -98.3,   40.00
SD,20,26,01,29,11,20,39,   22.75,   21.81, 1024.68,   -96.8,   40.02
SD,20,26,01,29,11,30,39,   22.50,   21.96, 1024.74,   -97.3,   40.19
SD,20,26,01,29,11,40,39,   22.75,   22.03, 1024.75,   -97.4,   40.23
SD,20,26,01,29,11,50,39,   22.75,   22.06, 1024.89,   -98.6,   40.55
SD,20,26,01,29,12,00,39,   22.75,   22.13, 1024.82,   -97.9,   40.64
SD,20,26,01,29,12,10,39,   22.75,   22.13, 1024.90,   -98.6,   40.51
SD,20,26,01,29,12,20,39,   23.00,   22.21, 1024.94,   -99.0,   40.70
SD,20,26,01,29,12,30,39,   23.00,   22.25, 1024.96,   -99.1,   41.19
SD,20,26,01,29,12,40,39,   23.00,   22.24, 1024.85,   -98.2,   41.49
SD,20,26,01,29,12,50,39,   23.00,   22.35, 1024.64,   -96.5,   40.40
SD,20,26,01,29,13,00,39,   23.25,   22.49, 1024.39,   -94.4,   40.09
SD,20,26,01,29,13,10,39,   23.25,   22.58, 1024.22,   -93.0,   39.95
SD,20,26,01,29,13,20,39,   23.25,   22.66, 1024.32,   -93.8,   39.77
SD,20,26,01,29,13,30,39,   23.25,   22.68, 1024.18,   -92.7,   39.63
SD,20,26,01,29,13,40,39,   23.25,   22.66, 1024.03,   -91.4,   39.63
SD,20,26,01,29,13,50,39,   23.25,   22.66, 1023.88,   -90.2,   39.50
SD,20,26,01,29,14,00,39,   23.25,   22.65, 1023.93,   -90.6,   39.41
SD,20,26,01,29,14,10,39,   23.25,   22.58, 1024.11,   -92.1,   39.44
SD,20,26,01,29,14,20,39,   23.25,   22.48, 1024.19,   -92.8,   39.49
SD,20,26,01,29,14,30,39,   23.00,   22.35, 1023.73,   -89.0,   39.58
SD,20,26,01,29,14,40,39,   23.00,   22.28, 1023.91,   -90.5,   39.56
SD,20,26,01,29,14,50,39,   23.00,   22.07, 1024.06,   -91.7,   40.02
SD,20,26,01,29,15,00,39,   23.00,   22.17, 1024.14,   -92.3,   40.07
SD,20,26,01,29,15,10,39,   23.00,   22.14, 1023.88,   -90.2,   40.10
SD,20,26,01,29,15,20,39,   23.00,   22.07, 1023.92,   -90.6,   40.18
SD,20,26,01,29,15,30,39,   22.75,   21.99, 1023.93,   -90.6,   41.12
SD,20,26,01,29,15,40,39,   22.50,   21.97, 1023.79,   -89.4,   41.47
SD,20,26,01,29,16,02,31,   23.00,   22.15, 1023.82,   -89.7,   41.01
SD,20,26,01,29,16,12,31,   22.75,   22.12, 1023.69,   -88.7,   41.03
SD,20,26,01,29,16,24,20,   23.00,   22.20, 1023.64,   -88.2,   40.89
SD,20,26,01,29,16,34,20,   23.00,   22.33, 1023.84,   -89.9,   40.84
SD,20,26,01,29,16,44,20,   23.25,   22.45, 1023.76,   -89.3,   40.60
SD,20,26,01,29,16,54,20,   23.50,   22.55, 1023.71,   -88.8,   40.47
SD,20,26,01,29,17,04,20,   23.50,   22.64, 1023.60,   -87.9,   40.31
SD,20,26,01,29,17,14,20,   23.50,   22.67, 1023.52,   -87.3,   40.12
SD,20,26,01,29,17,24,20,   23.50,   22.77, 1023.35,   -85.9,   40.01
SD,20,26,01,29,17,34,20,   23.50,   22.76, 1023.26,   -85.1,   40.01
SD,20,26,01,29,17,44,20,   23.50,   22.92, 1023.17,   -84.3,   39.69
SD,20,26,01,29,17,54,20,   23.75,   22.90, 1023.19,   -84.5,   39.83
SD,20,26,01,29,18,04,20,   23.75,   22.92, 1023.34,   -85.8,   39.80
SD,20,26,01,29,18,14,20,   23.75,   22.93, 1023.36,   -85.9,   39.78
SD,20,26,01,29,18,24,20,   23.75,   22.97, 1023.42,   -86.4,   39.74
SD,20,26,01,29,18,43,34,   23.00,   22.64, 1023.39,   -86.1,   39.51
SD,20,26,01,29,18,53,34,   23.50,   22.78, 1023.25,   -85.0,   39.55
SD,20,26,01,29,19,10,10,   23.75,   22.99, 1022.88,   -82.0,   39.45
SD,20,26,01,29,19,20,10,   23.75,   22.99, 1022.86,   -81.8,   39.34
SD,20,26,01,29,19,30,10,   23.75,   23.06, 1022.68,   -80.3,   39.17
SD,20,26,01,29,19,40,10,   24.00,   23.02, 1022.56,   -79.3,   38.96
SD,20,26,01,29,19,50,10,   23.75,   22.89, 1022.45,   -78.4,   38.99
SD,20,26,01,29,20,00,10,   23.75,   22.76, 1022.47,   -78.6,   39.10
SD,20,26,01,29,20,10,10,   23.75,   22.71, 1022.54,   -79.2,   39.22
SD,20,26,01,29,20,20,10,   23.50,   22.65, 1022.27,   -76.9,   39.37
SD,20,26,01,29,20,30,10,   23.50,   22.57, 1022.38,   -77.8,   39.55
SD,20,26,01,29,20,40,10,   23.50,   22.54, 1022.32,   -77.3,   39.60
SD,20,26,01,29,20,50,10,   23.25,   22.47, 1022.35,   -77.5,   39.80
SD,20,26,01,29,21,00,10,   23.25,   22.43, 1022.33,   -77.4,   40.02
SD,20,26,01,29,21,10,10,   23.25,   22.45, 1022.31,   -77.2,   40.04
SD,20,26,01,29,21,20,10,   22.75,   22.33, 1022.50,   -78.8,   40.92
SD,20,26,01,29,21,30,10,   22.75,   22.33, 1022.42,   -78.2,   41.67
SD,20,26,01,29,21,40,10,   23.00,   22.29, 1022.56,   -79.3,   41.58
SD,20,26,01,29,21,50,10,   23.00,   22.40, 1022.67,   -80.2,   41.51
SD,20,26,01,29,22,00,10,   23.25,   22.61, 1022.32,   -77.3,   41.36
SD,20,26,01,29,22,10,10,   23.50,   22.81, 1022.07,   -75.3,   40.92
SD,20,26,01,29,22,20,10,   23.50,   22.84, 1022.17,   -76.1,   41.13
SD,20,26,01,29,22,30,10,   23.50,   22.89, 1022.12,   -75.7,   40.94
SD,20,26,01,29,22,40,10,   23.50,   22.91, 1022.13,   -75.8,   40.78
SD,20,26,01,29,22,50,10,   23.50,   23.00, 1022.40,   -78.0,   40.54
SD,20,26,01,29,23,00,10,   23.75,   23.00, 1022.80,   -81.3,   40.64
SD,20,26,01,29,23,10,10,   23.75,   23.00, 1022.08,   -75.4,   40.64
SD,20,26,01,29,23,20,10,   23.75,   23.01, 1022.09,   -75.5,   40.65
SD,20,26,01,29,23,30,10,   23.75,   22.91, 1022.24,   -76.7,   40.55
SD,20,26,01,29,23,40,10,   23.50,   22.96, 1021.79,   -73.0,   40.29
SD,20,26,01,29,23,50,10,   23.75,   22.92, 1021.91,   -73.9,   40.27
SD,20,26,01,30,00,00,10,   23.50,   22.85, 1021.75,   -72.6,   40.22
SD,20,26,01,30,00,10,10,   23.25,   22.78, 1021.57,   -71.1,   40.31
SD,20,26,01,30,00,20,10,   23.25,   22.72, 1021.98,   -74.6,   40.34
SD,20,26,01,30,00,30,10,   23.25,   22.67, 1022.21,   -76.4,   40.41
SD,20,26,01,30,00,40,10,   23.25,   22.62, 1022.06,   -75.2,   40.39
SD,20,26,01,30,00,50,10,   23.25,   22.57, 1021.77,   -72.8,   40.40
SD,20,26,01,30,01,00,10,   23.25,   22.55, 1022.11,   -75.6,   40.45
SD,20,26,01,30,01,10,10,   23.25,   22.49, 1022.54,   -79.1,   40.45
SD,20,26,01,30,01,20,10,   23.25,   22.47, 1022.48,   -78.7,   40.42
SD,20,26,01,30,01,30,10,   23.00,   22.41, 1021.79,   -72.9,   40.44
SD,20,26,01,30,01,40,10,   23.25,   22.41, 1021.87,   -73.6,   40.44
SD,20,26,01,30,01,50,10,   23.00,   22.38, 1021.76,   -72.7,   40.42
SD,20,26,01,30,02,00,10,   23.00,   22.34, 1021.49,   -70.4,   40.43
SD,20,26,01,30,02,10,10,   23.00,   22.31, 1021.83,   -73.3,   40.48
SD,20,26,01,30,02,20,10,   23.00,   22.30, 1021.69,   -72.1,   40.46
SD,20,26,01,30,02,30,10,   23.00,   22.28, 1021.46,   -70.2,   40.41
SD,20,26,01,30,02,40,10,   23.00,   22.26, 1021.59,   -71.3,   40.47
SD,20,26,01,30,02,50,10,   23.00,   22.24, 1020.89,   -65.5,   40.45
SD,20,26,01,30,03,00,10,   22.75,   22.22, 1020.21,   -59.9,   40.46
SD,20,26,01,30,03,10,10,   22.75,   22.19, 1020.71,   -64.0,   40.46
SD,20,26,01,30,03,20,10,   22.75,   22.19, 1020.93,   -65.8,   40.43
SD,20,26,01,30,03,30,10,   22.75,   22.17, 1020.44,   -61.7,   40.40
SD,20,26,01,30,03,40,10,   22.75,   22.15, 1019.91,   -57.3,   40.38
SD,20,26,01,30,03,50,10,   22.75,   22.12, 1020.77,   -64.5,   40.43
SD,20,26,01,30,04,00,10,   22.75,   22.09, 1020.68,   -63.7,   40.43
SD,20,26,01,30,04,10,10,   22.75,   22.09, 1020.47,   -62.0,   40.39
SD,20,26,01,30,04,20,10,   22.75,   22.06, 1020.67,   -63.7,   40.38
SD,20,26,01,30,04,30,10,   22.75,   22.06, 1020.48,   -62.1,   40.37
SD,20,26,01,30,04,40,10,   22.75,   22.03, 1020.37,   -61.2,   40.37
SD,20,26,01,30,04,50,10,   22.75,   22.01, 1020.04,   -58.5,   40.37
SD,20,26,01,30,05,00,10,   22.75,   22.01, 1019.62,   -55.0,   40.33
SD,20,26,01,30,05,10,10,   22.50,   21.99, 1019.96,   -57.7,   40.33
SD,20,26,01,30,05,20,10,   22.75,   21.96, 1019.73,   -55.9,   40.33
SD,20,26,01,30,05,30,10,   22.75,   21.95, 1019.70,   -55.7,   40.31
SD,20,26,01,30,05,40,10,   22.50,   21.93, 1019.60,   -54.9,   40.33
SD,20,26,01,30,05,50,10,   22.50,   21.91, 1019.04,   -50.2,   40.30
SD,20,26,01,30,06,00,10,   22.75,   21.91, 1018.25,   -43.6,   40.29
SD,20,26,01,30,06,10,10,   22.50,   21.90, 1017.21,   -35.0,   40.25
SD,20,26,01,30,06,20,10,   22.50,   21.88, 1017.66,   -38.7,   40.32
SD,20,26,01,30,06,30,10,   22.50,   21.87, 1017.94,   -41.0,   40.30
SD,20,26,01,30,06,40,10,   22.50,   21.86, 1018.15,   -42.8,   40.27
SD,20,26,01,30,06,50,10,   22.50,   21.82, 1018.03,   -41.8,   40.27
SD,20,26,01,30,07,00,10,   22.50,   21.81, 1017.94,   -41.1,   40.30
SD,20,26,01,30,07,10,10,   22.50,   21.81, 1018.15,   -42.8,   40.28
SD,20,26,01,30,07,20,10,   22.25,   21.79, 1018.07,   -42.1,   40.25
SD,20,26,01,30,07,30,10,   22.50,   21.78, 1018.12,   -42.6,   40.25
SD,20,26,01,30,07,40,10,   22.50,   21.78, 1018.05,   -42.0,   40.27
SD,20,26,01,30,07,50,10,   22.50,   21.77, 1017.99,   -41.5,   40.21
SD,20,26,01,30,08,00,10,   22.50,   21.77, 1018.05,   -42.0,   40.18
SD,20,26,01,30,08,10,10,   22.25,   21.76, 1017.99,   -41.5,   40.21
SD,20,26,01,30,08,20,10,   22.50,   21.75, 1018.24,   -43.6,   40.18
SD,20,26,01,30,08,30,10,   22.75,   21.89, 1018.44,   -45.2,   40.33
SD,20,26,01,30,08,40,10,   22.75,   21.91, 1018.51,   -45.8,   40.62
SD,20,26,01,30,08,50,10,   23.00,   22.11, 1018.56,   -46.2,   40.45
SD,20,26,01,30,09,00,10,   22.75,   22.04, 1018.52,   -45.9,   40.72
SD,20,26,01,30,09,10,10,   23.00,   22.18, 1018.73,   -47.6,   40.52
SD,20,26,01,30,09,20,10,   23.00,   22.13, 1018.97,   -49.6,   40.72
SD,20,26,01,30,09,30,10,   23.25,   22.28, 1018.81,   -48.3,   40.50
SD,20,26,01,30,09,40,10,   23.00,   22.24, 1018.69,   -47.3,   40.61
SD,20,26,01,30,09,50,10,   23.25,   22.24, 1018.72,   -47.6,   40.58
SD,20,26,01,30,10,00,10,   23.25,   22.33, 1018.58,   -46.4,   40.55
SD,20,26,01,30,10,10,10,   23.00,   22.30, 1019.03,   -50.1,   40.65
SD,20,26,01,30,10,20,10,   23.25,   22.37, 1018.85,   -48.6,   40.59
SD,20,26,01,30,10,30,10,   23.00,   22.28, 1018.74,   -47.7,   40.71
SD,20,26,01,30,10,40,10,   23.25,   22.41, 1018.69,   -47.3,   40.48
SD,20,26,01,30,10,50,10,   23.00,   22.36, 1018.84,   -48.5,   40.54
SD,20,26,01,30,11,00,10,   23.25,   22.39, 1018.94,   -49.4,   40.55
SD,20,26,01,30,11,10,10,   23.00,   22.36, 1019.16,   -51.2,   40.59
SD,20,26,01,30,11,20,10,   23.00,   22.40, 1019.15,   -51.1,   40.45
SD,20,26,01,30,11,30,10,   23.00,   22.44, 1019.34,   -52.7,   40.23
SD,20,26,01,30,11,40,10,   23.00,   22.37, 1019.56,   -54.5,   40.31
SD,20,26,01,30,11,50,10,   23.00,   22.25, 1019.44,   -53.5,   40.50
SD,20,26,01,30,12,00,10,   22.75,   22.10, 1019.42,   -53.3,   40.67
SD,20,26,01,30,12,10,10,   22.75,   22.15, 1019.46,   -53.7,   40.68
SD,20,26,01,30,12,20,10,   23.00,   22.25, 1019.36,   -52.8,   40.51
SD,20,26,01,30,12,39,51,   23.25,   22.37, 1019.14,   -51.0,   40.69
SD,20,26,01,30,12,54,34,   23.50,   22.50, 1018.85,   -48.6,   40.47
SD,20,26,01,30,13,04,34,   23.50,   22.62, 1018.84,   -48.5,   40.29
SD,20,26,01,30,13,18,54,   23.25,   22.78, 1018.64,   -46.9,   39.75
SD,20,26,01,30,13,28,54,   23.25,   22.77, 1018.80,   -48.2,   39.60
SD,20,26,01,30,13,47,54,   23.75,   22.98, 1019.06,   -50.4,   39.98
SD,20,26,01,30,13,57,54,   23.75,   23.05, 1019.31,   -52.4,   40.29
SD,20,26,01,30,14,07,54,   23.75,   23.19, 1019.55,   -54.4,   40.57
SD,20,26,01,30,14,17,54,   23.75,   23.22, 1019.67,   -55.4,   40.52
SD,20,26,01,30,14,27,54,   24.00,   23.12, 1019.90,   -57.3,   40.32
SD,20,26,01,30,14,37,54,   24.00,   22.88, 1020.24,   -60.1,   40.52
SD,20,26,01,30,14,47,54,   23.75,   22.81, 1020.36,   -61.1,   40.35
SD,20,26,01,30,15,03,54,   23.50,   22.92, 1020.84,   -65.0,   40.04
SD,20,26,01,30,15,13,54,   23.75,   22.90, 1021.20,   -68.0,   39.84
SD,20,26,01,30,15,23,54,   23.75,   22.87, 1021.52,   -70.7,   40.07
SD,20,26,01,30,15,33,54,   23.25,   22.74, 1021.56,   -71.0,   39.74
SD,20,26,01,30,15,43,54,   23.25,   22.67, 1022.03,   -74.9,   39.82
SD,20,26,01,30,15,53,54,   23.50,   22.61, 1021.96,   -74.4,   39.96
SD,20,26,01,30,16,03,54,   23.50,   22.52, 1021.66,   -71.9,   40.12
SD,20,26,01,30,16,13,54,   23.25,   22.47, 1021.73,   -72.5,   40.60
SD,20,26,01,30,16,23,54,   23.25,   22.50, 1021.89,   -73.8,   40.56
SD,20,26,01,30,16,33,54,   23.75,   22.64, 1022.14,   -75.8,   40.75
SD,20,26,01,30,16,43,54,   23.75,   22.72, 1022.37,   -77.8,   40.82
SD,20,26,01,30,16,53,54,   23.75,   22.76, 1022.43,   -78.3,   40.90
SD,20,26,01,30,17,03,54,   24.00,   22.85, 1022.75,   -80.8,   41.05
SD,20,26,01,30,17,13,54,   24.00,   23.08, 1022.69,   -80.4,   40.72
SD,20,26,01,30,17,23,54,   24.00,   23.16, 1022.73,   -80.5,   40.65
SD,20,26,01,30,17,33,54,   24.25,   23.19, 1022.77,   -81.1,   40.72
SD,20,26,01,30,17,43,54,   24.25,   23.20, 1022.83,   -81.5,   40.73
SD,20,26,01,30,17,53,54,   24.25,   23.24, 1022.95,   -82.5,   40.82
SD,20,26,01,30,18,03,54,   24.25,   23.29, 1023.15,   -84.2,   40.76
SD,20,26,01,30,18,20,23,   24.50,   23.41, 1023.28,   -85.2,   40.61
SD,20,26,01,30,18,52,22,   24.25,   23.44, 1023.47,   -86.8,   40.56
SD,20,26,01,30,19,02,22,   24.25,   23.35, 1023.42,   -86.4,   40.78
SD,20,26,01,30,19,14,06,   24.25,   23.30, 1023.56,   -87.5,   40.79
SD,20,26,01,30,19,24,06,   24.25,   23.30, 1023.74,   -89.1,   40.90
SD,20,26,01,30,19,34,06,   24.25,   23.31, 1023.76,   -89.2,   40.88
SD,20,26,01,30,19,44,06,   24.50,   23.38, 1023.82,   -89.7,   40.81
SD,20,26,01,30,19,54,06,   24.50,   23.42, 1023.97,   -90.9,   40.78
SD,20,26,01,30,20,04,06,   24.50,   23.40, 1024.16,   -92.5,   40.87
SD,20,26,01,30,20,14,06,   24.25,   23.37, 1024.26,   -93.4,   41.02
SD,20,26,01,30,20,24,06,   24.25,   23.30, 1024.32,   -93.8,   40.66
SD,20,26,01,30,20,34,06,   24.00,   23.14, 1024.43,   -94.7,   40.31
SD,20,26,01,30,20,44,06,   23.75,   23.05, 1024.58,   -96.0,   40.14
SD,20,26,01,30,20,54,06,   23.75,   22.93, 1024.66,   -96.6,   40.22
SD,20,26,01,30,21,04,06,   23.75,   22.93, 1024.67,   -96.7,   40.20
SD,20,26,01,30,21,14,06,   24.25,   23.28, 1024.68,   -96.8,   40.14
SD,20,26,01,30,21,24,06,   24.25,   23.44, 1024.77,   -97.5,   40.07
SD,20,26,01,30,21,34,06,   24.25,   23.50, 1024.99,   -99.4,   40.12
SD,20,26,01,30,21,44,06,   24.25,   23.55, 1025.16,  -100.8,   40.20
SD,20,26,01,30,21,54,06,   24.25,   23.45, 1025.29,  -101.8,   40.46
SD,20,26,01,30,22,04,06,   24.00,   23.31, 1025.34,  -102.3,   40.39
SD,20,26,01,30,22,14,06,   24.25,   23.32, 1025.48,  -103.4,   40.44
SD,20,26,01,30,22,24,06,   24.25,   23.37, 1025.57,  -104.2,   40.37
SD,20,26,01,30,22,34,06,   24.00,   23.36, 1025.59,  -104.3,   40.34
SD,20,26,01,30,22,44,06,   24.00,   23.31, 1025.65,  -104.8,   40.48
SD,20,26,01,30,22,54,06,   24.00,   23.31, 1025.78,  -105.9,   40.45
SD,20,26,01,30,23,04,06,   24.00,   23.23, 1025.75,  -105.6,   40.73
SD,20,26,01,30,23,14,06,   24.00,   23.32, 1025.85,  -106.5,   40.47
SD,20,26,01,30,23,24,06,   24.25,   23.25, 1025.92,  -107.1,   40.68
SD,20,26,01,30,23,34,06,   24.00,   23.24, 1025.74,  -105.6,   40.66
SD,20,26,01,30,23,44,06,   24.00,   23.32, 1025.83,  -106.3,   40.29
SD,20,26,01,30,23,54,06,   23.75,   23.26, 1025.74,  -105.5,   39.80
SD,20,26,01,31,00,04,06,   23.75,   23.20, 1025.69,  -105.1,   39.78
SD,20,26,01,31,00,14,06,   23.75,   23.07, 1025.72,  -105.4,   40.04
SD,20,26,01,31,00,24,06,   23.75,   22.97, 1025.82,  -106.2,   40.12
SD,20,26,01,31,00,34,06,   23.75,   22.88, 1025.90,  -106.9,   40.33
SD,20,26,01,31,00,44,06,   23.50,   22.77, 1025.98,  -107.6,   40.41
SD,20,26,01,31,00,54,06,   23.50,   22.71, 1025.94,  -107.2,   40.53
SD,20,26,01,31,01,04,06,   23.50,   22.65, 1025.88,  -106.7,   40.56
SD,20,26,01,31,01,14,06,   23.50,   22.59, 1026.08,  -108.4,   40.68
SD,20,26,01,31,01,24,06,   23.50,   22.53, 1025.87,  -106.6,   40.64
SD,20,26,01,31,01,34,06,   23.50,   22.48, 1025.68,  -105.1,   40.70
SD,20,26,01,31,01,44,06,   23.50,   22.44, 1025.38,  -102.6,   40.69
SD,20,26,01,31,01,54,06,   23.25,   22.39, 1025.20,  -101.1,   40.79
SD,20,26,01,31,02,04,06,   23.25,   22.35, 1025.44,  -103.1,   40.84
SD,20,26,01,31,02,14,06,   23.25,   22.33, 1025.35,  -102.4,   40.78
SD,20,26,01,31,02,24,06,   23.25,   22.28, 1025.35,  -102.3,   40.87
SD,20,26,01,31,02,34,06,   23.00,   22.26, 1025.15,  -100.7,   40.85
SD,20,26,01,31,02,44,06,   23.25,   22.23, 1025.13,  -100.5,   40.92
SD,20,26,01,31,02,54,06,   23.25,   22.21, 1024.99,   -99.4,   40.85
SD,20,26,01,31,03,04,06,   23.00,   22.18, 1024.97,   -99.2,   40.89
SD,20,26,01,31,03,14,06,   23.00,   22.15, 1024.99,   -99.4,   40.88
SD,20,26,01,31,03,24,06,   23.00,   22.13, 1024.89,   -98.5,   40.84
SD,20,26,01,31,03,34,06,   23.00,   22.10, 1024.95,   -99.0,   40.88
SD,20,26,01,31,03,44,06,   23.00,   22.08, 1024.92,   -98.8,   40.85
SD,20,26,01,31,03,54,06,   23.00,   22.06, 1024.89,   -98.6,   40.87
SD,20,26,01,31,04,04,06,   23.00,   22.03, 1024.81,   -97.9,   40.85
SD,20,26,01,31,04,14,06,   23.00,   22.00, 1024.95,   -99.0,   40.86
SD,20,26,01,31,04,24,06,   23.00,   21.99, 1025.00,   -99.5,   40.91
SD,20,26,01,31,04,34,06,   22.75,   21.97, 1024.87,   -98.4,   40.84
SD,20,26,01,31,04,44,06,   23.00,   21.95, 1024.81,   -97.9,   40.85
SD,20,26,01,31,04,54,06,   22.75,   21.93, 1024.73,   -97.3,   40.87
SD,20,26,01,31,05,04,06,   22.75,   21.92, 1024.78,   -97.6,   40.82
SD,20,26,01,31,05,14,06,   22.75,   21.88, 1024.47,   -95.1,   40.81
SD,20,26,01,31,05,24,06,   22.75,   21.86, 1024.30,   -93.7,   40.83
SD,20,26,01,31,05,34,06,   22.75,   21.84, 1023.78,   -89.4,   40.83
SD,20,26,01,31,05,44,06,   22.75,   21.82, 1023.77,   -89.3,   40.84
SD,20,26,01,31,05,54,06,   22.75,   21.80, 1023.66,   -88.4,   40.76
SD,20,26,01,31,06,04,06,   22.75,   21.78, 1023.55,   -87.5,   40.85
SD,20,26,01,31,06,14,06,   22.75,   21.75, 1023.43,   -86.5,   40.84
SD,20,26,01,31,06,24,06,   22.50,   21.74, 1023.23,   -84.9,   40.81
SD,20,26,01,31,06,34,06,   22.50,   21.74, 1023.20,   -84.6,   40.79
SD,20,26,01,31,06,44,06,   22.75,   21.71, 1023.21,   -84.7,   40.81
SD,20,26,01,31,06,54,06,   22.50,   21.71, 1023.06,   -83.5,   40.78
SD,20,26,01,31,07,04,06,   22.50,   21.69, 1023.14,   -84.1,   40.80
SD,20,26,01,31,07,14,06,   22.50,   21.68, 1023.08,   -83.6,   40.75
SD,20,26,01,31,07,24,06,   22.50,   21.66, 1022.93,   -82.4,   40.75
SD,20,26,01,31,07,34,06,   22.75,   21.81, 1022.98,   -82.8,   40.82
SD,20,26,01,31,07,44,06,   23.00,   21.96, 1023.09,   -83.7,   41.08
SD,20,26,01,31,07,54,06,   23.00,   22.12, 1023.26,   -85.1,   41.04
SD,20,26,01,31,08,04,06,   23.00,   22.20, 1023.33,   -85.7,   41.17
SD,20,26,01,31,08,14,06,   23.25,   22.32, 1022.82,   -81.5,   41.22
SD,20,26,01,31,08,24,06,   23.25,   22.45, 1022.62,   -79.8,   41.15
SD,20,26,01,31,08,34,06,   23.50,   22.53, 1022.44,   -78.3,   41.10
SD,20,26,01,31,08,44,06,   23.50,   22.57, 1022.23,   -76.6,   41.31
SD,20,26,01,31,08,54,06,   23.50,   22.62, 1021.82,   -73.2,   41.16
SD,20,26,01,31,09,04,06,   23.50,   22.70, 1022.10,   -75.5,   41.11
SD,20,26,01,31,09,14,06,   23.50,   22.72, 1022.08,   -75.3,   41.33
SD,20,26,01,31,09,24,06,   23.50,   22.73, 1021.76,   -72.7,   41.42
SD,20,26,01,31,09,34,06,   23.50,   22.79, 1021.87,   -73.6,   41.32
SD,20,26,01,31,09,44,06,   23.50,   22.82, 1021.85,   -73.5,   40.76
SD,20,26,01,31,09,54,06,   23.50,   22.75, 1021.90,   -73.8,   40.67
SD,20,26,01,31,10,04,06,   23.50,   22.65, 1021.84,   -73.4,   40.90
SD,20,26,01,31,10,31,50,   23.50,   22.87, 1022.26,   -76.9,   40.97
SD,20,26,01,31,10,41,49,   23.50,   22.71, 1022.22,   -76.5,   40.98
SD,20,26,01,31,10,51,49,   23.50,   22.74, 1022.52,   -79.0,   41.20
SD,20,26,01,31,11,23,39,   23.25,   22.70, 1022.57,   -79.4,   41.03
SD,20,26,01,31,11,33,38,   23.50,   22.70, 1022.29,   -77.1,   41.09
SD,20,26,01,31,11,43,38,   23.25,   22.71, 1022.34,   -77.5,   40.73
SD,20,26,01,31,11,53,38,   23.25,   22.91, 1022.49,   -78.7,   40.33
SD,20,26,01,31,12,03,38,   23.25,   22.94, 1022.37,   -77.7,   40.15
SD,20,26,01,31,12,13,38,   23.50,   22.94, 1022.30,   -77.2,   40.22
SD,20,26,01,31,12,23,38,   23.50,   23.09, 1021.93,   -74.1,   40.40
SD,20,26,01,31,12,33,38,   23.75,   22.84, 1021.93,   -74.1,   41.01
SD,20,26,01,31,12,43,38,   23.75,   22.80, 1022.13,   -75.8,   41.28
SD,20,26,01,31,12,53,38,   23.75,   22.85, 1022.07,   -75.3,   41.70
SD,20,26,01,31,13,03,38,   23.50,   23.13, 1021.41,   -69.8,   41.10
SD,20,26,01,31,13,13,38,   23.75,   23.23, 1021.68,   -72.1,   40.58
SD,20,26,01,31,13,23,38,   23.75,   23.25, 1021.73,   -72.5,   40.67
SD,20,26,01,31,13,33,38,   23.75,   23.27, 1021.48,   -70.4,   40.89
SD,20,26,01,31,13,43,38,   23.50,   23.00, 1021.11,   -67.4,   41.49
SD,20,26,01,31,13,53,38,   23.25,   22.73, 1021.13,   -67.5,   41.93
SD,20,26,01,31,14,03,38,   23.50,   22.74, 1020.79,   -64.7,   41.69
SD,20,26,01,31,14,13,38,   23.50,   22.65, 1020.91,   -65.6,   41.62
SD,20,26,01,31,14,23,38,   23.50,   22.58, 1020.70,   -63.9,   41.59
SD,20,26,01,31,14,33,38,   23.50,   22.49, 1020.30,   -60.6,   41.63
SD,20,26,01,31,14,43,38,   23.25,   22.37, 1020.02,   -58.3,   42.05
SD,20,26,01,31,14,53,38,   22.75,   22.09, 1019.65,   -55.2,   42.47
SD,20,26,01,31,15,03,38,   22.75,   22.03, 1020.23,   -60.0,   42.65
SD,20,26,01,31,15,13,38,   23.00,   22.11, 1020.37,   -61.2,   42.39
SD,20,26,01,31,15,23,38,   23.00,   22.19, 1020.30,   -60.6,   42.18
SD,20,26,01,31,15,33,38,   22.75,   22.11, 1020.07,   -58.7,   42.23
SD,20,26,01,31,15,43,38,   22.75,   22.09, 1020.10,   -58.9,   42.29
SD,20,26,01,31,15,53,38,   23.25,   22.41, 1020.01,   -58.2,   41.81
SD,20,26,01,31,16,03,38,   23.00,   22.30, 1019.92,   -57.4,   41.71
SD,20,26,01,31,16,13,38,   23.00,   22.34, 1019.93,   -57.6,   41.54
SD,20,26,01,31,16,23,38,   23.00,   22.37, 1019.73,   -55.9,   41.54
SD,20,26,01,31,16,33,38,   23.00,   22.38, 1019.77,   -56.2,   42.59
SD,20,26,01,31,16,43,38,   23.00,   22.48, 1019.58,   -54.6,   42.40
SD,20,26,01,31,16,53,38,   23.00,   22.50, 1019.57,   -54.6,   42.33
SD,20,26,01,31,17,03,38,   23.25,   22.59, 1019.23,   -51.8,   42.37
SD,20,26,01,31,17,13,38,   23.25,   22.68, 1018.91,   -49.1,   42.24
SD,20,26,01,31,17,23,38,   23.75,   22.91, 1019.05,   -50.2,   41.92
SD,20,26,01,31,17,33,38,   23.50,   23.04, 1018.83,   -48.5,   41.67
SD,20,26,01,31,17,43,38,   23.75,   23.09, 1018.70,   -47.4,   41.92
SD,20,26,01,31,17,53,38,   23.75,   23.15, 1018.09,   -42.3,   41.17
SD,20,26,01,31,18,03,38,   23.00,   22.71, 1018.19,   -43.1,   39.12
SD,20,26,01,31,18,13,38,   22.75,   22.63, 1018.26,   -43.7,   39.38
SD,20,26,01,31,18,23,38,   22.75,   22.55, 1018.12,   -42.6,   40.06
SD,20,26,01,31,18,33,38,   22.75,   22.44, 1017.95,   -41.2,   40.51
SD,20,26,01,31,18,43,38,   22.75,   22.47, 1018.18,   -43.1,   40.38
SD,20,26,01,31,18,53,38,   22.75,   22.47, 1018.23,   -43.5,   40.68
SD,20,26,01,31,19,03,38,   23.00,   22.63, 1018.19,   -43.1,   40.59
SD,20,26,01,31,19,13,38,   23.25,   22.81, 1018.16,   -42.9,   41.23
SD,20,26,01,31,19,23,38,   23.50,   22.91, 1017.90,   -40.7,   40.30
SD,20,26,01,31,19,33,38,   23.50,   22.91, 1017.73,   -39.3,   40.15
SD,20,26,01,31,19,43,38,   23.50,   22.93, 1017.73,   -39.3,   41.22
SD,20,26,01,31,19,53,38,   23.50,   22.91, 1017.67,   -38.8,   41.11
SD,20,26,01,31,20,03,38,   23.50,   22.99, 1017.37,   -36.3,   41.81
SD,20,26,01,31,20,13,38,   23.75,   23.12, 1017.21,   -35.0,   41.93
SD,20,26,01,31,20,23,38,   23.75,   23.25, 1016.92,   -32.6,   41.79
SD,20,26,01,31,20,33,38,   24.00,   23.37, 1016.55,   -29.6,   41.82
SD,20,26,01,31,20,43,38,   24.00,   23.33, 1016.68,   -30.6,   41.79
SD,20,26,01,31,20,53,38,   23.50,   23.24, 1016.60,   -29.9,   39.17
SD,20,26,01,31,21,03,38,   23.25,   23.10, 1016.54,   -29.4,   41.02
SD,20,26,01,31,21,13,38,   23.25,   23.07, 1016.57,   -29.7,   40.46
SD,20,26,01,31,21,23,38,   23.75,   23.26, 1016.64,   -30.3,   41.56
SD,20,26,01,31,21,33,38,   23.75,   23.37, 1016.65,   -30.4,   41.19
SD,20,26,01,31,21,43,38,   23.50,   23.20, 1016.82,   -31.8,   40.97
SD,20,26,01,31,21,53,38,   23.50,   23.14, 1016.62,   -30.1,   40.17
SD,20,26,01,31,22,03,38,   23.50,   23.13, 1016.43,   -28.6,   41.11
SD,20,26,01,31,22,13,38,   23.75,   23.15, 1016.28,   -27.3,   40.66
SD,20,26,01,31,22,23,38,   23.75,   23.21, 1016.14,   -26.1,   40.46
SD,20,26,01,31,22,33,38,   23.75,   23.25, 1015.96,   -24.6,   40.39
SD,20,26,01,31,22,43,38,   23.75,   23.22, 1015.74,   -22.8,   40.60
SD,20,26,01,31,22,53,38,   23.75,   23.21, 1015.61,   -21.7,   41.26
SD,20,26,01,31,23,03,38,   23.75,   23.27, 1015.74,   -22.8,   41.93
SD,20,26,01,31,23,13,38,   24.00,   23.40, 1015.67,   -22.3,   41.84
SD,20,26,01,31,23,23,38,   24.00,   23.49, 1015.68,   -22.3,   41.85
SD,20,26,01,31,23,33,38,   24.00,   23.61, 1015.62,   -21.8,   41.99
SD,20,26,01,31,23,43,38,   23.75,   23.33, 1015.70,   -22.4,   40.92
SD,20,26,01,31,23,53,38,   23.75,   23.52, 1015.51,   -20.9,   40.93
