SD,20,26,02,01,00,03,38,   24.00,   23.54, 1015.55,   -21.2,   40.61
SD,20,26,02,01,00,13,38,   24.00,   23.44, 1015.71,   -22.5,   41.19
SD,20,26,02,01,00,23,38,   23.75,   23.32, 1015.20,   -18.3,   41.32
SD,20,26,02,01,00,33,38,   23.75,   23.21, 1014.82,   -15.1,   41.16
SD,20,26,02,01,00,43,38,   23.75,   23.11, 1014.94,   -16.1,   41.17
SD,20,26,02,01,00,53,38,   23.50,   23.06, 1014.75,   -14.6,   41.15
SD,20,26,02,01,01,03,38,   23.50,   22.99, 1014.90,   -15.8,   41.32
SD,20,26,02,01,01,13,38,   23.50,   22.90, 1014.62,   -13.5,   41.42
SD,20,26,02,01,01,23,38,   23.50,   22.85, 1014.52,   -12.6,   41.36
SD,20,26,02,01,01,33,38,   23.25,   22.80, 1014.30,   -10.8,   41.28
SD,20,26,02,01,01,43,38,   23.25,   22.74, 1014.17,    -9.8,   41.42
SD,20,26,02,01,01,53,38,   23.25,   22.70, 1014.12,    -9.3,   41.43
SD,20,26,02,01,02,03,38,   23.25,   22.66, 1013.99,    -8.3,   41.42
SD,20,26,02,01,02,13,38,   23.25,   22.62, 1013.92,    -7.6,   41.38
SD,20,26,02,01,02,23,38,   23.25,   22.57, 1013.98,    -8.2,   41.38
SD,20,26,02,01,02,33,38,   23.00,   22.56, 1014.03,    -8.5,   41.45
SD,20,26,02,01,02,43,38,   23.25,   22.52, 1014.29,   -10.8,   41.44
SD,20,26,02,01,02,53,38,   23.00,   22.48, 1014.02,    -8.5,   41.41
SD,20,26,02,01,03,03,38,   23.00,   22.46, 1013.95,    -7.9,   41.42
SD,20,26,02,01,03,13,38,   23.00,   22.43, 1013.96,    -8.0,   41.44
SD,20,26,02,01,03,23,38,   23.00,   22.41, 1014.16,    -9.7,   41.35
SD,20,26,02,01,03,33,38,   23.00,   22.38, 1013.96,    -8.0,   41.39
SD,20,26,02,01,03,43,38,   22.75,   22.36, 1014.04,    -8.7,   41.37
SD,20,26,02,01,03,53,38,   23.00,   22.33, 1013.99,    -8.3,   41.38
SD,20,26,02,01,04,03,38,   22.75,   22.29, 1014.01,    -8.4,   41.39
SD,20,26,02,01,04,13,38,   22.75,   22.27, 1014.04,    -8.6,   41.34
SD,20,26,02,01,04,23,38,   22.75,   22.23, 1014.20,   -10.0,   41.35
SD,20,26,02,01,04,33,38,   22.75,   22.22, 1014.29,   -10.7,   41.35
SD,20,26,02,01,04,43,38,   22.75,   22.21, 1014.49,   -12.4,   41.32
SD,20,26,02,01,04,53,38,   22.75,   22.18, 1014.49,   -12.4,   41.36
SD,20,26,02,01,05,03,38,   22.75,   22.16, 1014.53,   -12.7,   41.34
SD,20,26,02,01,05,13,38,   22.75,   22.10, 1014.79,   -14.9,   41.38
SD,20,26,02,01,05,23,38,   22.75,   22.10, 1014.81,   -15.0,   41.30
SD,20,26,02,01,05,33,38,   22.50,   22.07, 1014.76,   -14.7,   41.36
SD,20,26,02,01,05,43,38,   22.75,   22.06, 1014.71,   -14.2,   41.32
SD,20,26,02,01,05,53,38,   22.75,   22.04, 1014.81,   -15.1,   41.31
SD,20,26,02,01,06,03,38,   22.50,   22.01, 1014.82,   -15.2,   41.32
SD,20,26,02,01,06,13,38,   22.50,   21.99, 1014.59,   -13.2,   41.27
SD,20,26,02,01,06,23,38,   22.50,   21.96, 1014.47,   -12.2,   41.30
SD,20,26,02,01,06,33,38,   22.50,   21.95, 1014.37,   -11.4,   41.29
SD,20,26,02,01,06,43,38,   22.50,   21.94, 1014.37,   -11.5,   41.23
SD,20,26,02,01,06,53,38,   22.50,   21.92, 1014.61,   -13.4,   41.26
SD,20,26,02,01,07,03,38,   22.50,   21.89, 1014.66,   -13.8,   41.27
SD,20,26,02,01,07,13,38,   22.50,   21.88, 1014.77,   -14.7,   41.26
SD,20,26,02,01,07,23,38,   22.50,   21.85, 1014.88,   -15.6,   41.28
SD,20,26,02,01,07,33,38,   22.25,   21.82, 1015.14,   -17.8,   41.30
SD,20,26,02,01,07,43,38,   22.25,   21.80, 1015.26,   -18.8,   41.25
SD,20,26,02,01,07,53,38,   22.25,   21.79, 1015.42,   -20.1,   41.23
SD,20,26,02,01,08,03,38,   22.25,   21.79, 1015.57,   -21.4,   41.20
SD,20,26,02,01,08,13,38,   22.25,   21.76, 1015.53,   -21.1,   41.25
SD,20,26,02,01,08,23,38,   22.25,   21.74, 1015.55,   -21.2,   41.29
SD,20,26,02,01,08,33,38,   22.25,   21.73, 1015.69,   -22.4,   41.21
SD,20,26,02,01,08,43,38,   22.25,   21.72, 1015.64,   -22.0,   41.38
SD,20,26,02,01,08,53,38,   22.75,   21.79, 1015.77,   -23.1,   41.73
SD,20,26,02,01,09,03,38,   22.75,   21.81, 1015.71,   -22.6,   42.18
SD,20,26,02,01,09,13,38,   23.00,   21.95, 1015.86,   -23.8,   42.21
SD,20,26,02,01,09,23,38,   23.25,   22.12, 1016.07,   -25.6,   42.14
SD,20,26,02,01,09,33,38,   23.25,   22.25, 1016.09,   -25.7,   42.02
SD,20,26,02,01,09,43,38,   23.50,   22.40, 1016.09,   -25.7,   41.85
SD,20,26,02,01,09,53,38,   23.50,   22.51, 1016.17,   -26.4,   41.76
SD,20,26,02,01,10,03,38,   23.75,   22.58, 1016.38,   -28.1,   41.67
SD,20,26,02,01,10,13,38,   23.75,   22.69, 1016.52,   -29.3,   41.48
SD,20,26,02,01,10,23,38,   23.75,   22.76, 1016.68,   -30.6,   41.43
SD,20,26,02,01,10,33,38,   23.75,   22.79, 1016.88,   -32.3,   41.46
SD,20,26,02,01,10,43,38,   23.75,   22.82, 1016.91,   -32.5,   41.36
SD,20,26,02,01,10,56,18,   23.75,   22.85, 1016.98,   -33.1,   41.52
SD,20,26,02,01,11,06,18,   23.75,   22.87, 1017.17,   -34.6,   41.01
SD,20,26,02,01,11,16,18,   24.00,   22.93, 1017.23,   -35.1,   40.94
SD,20,26,02,01,11,26,18,   24.00,   22.93, 1017.47,   -37.1,   41.19
SD,20,26,02,01,11,36,18,   23.75,   23.02, 1017.40,   -36.6,   41.29
SD,20,26,02,01,11,46,18,   23.50,   23.00, 1017.41,   -36.7,   40.95
SD,20,26,02,01,11,56,18,   23.50,   22.94, 1017.67,   -38.8,   40.70
SD,20,26,02,01,12,06,18,   23.50,   22.92, 1017.79,   -39.8,   40.56
SD,20,26,02,01,12,16,18,   23.75,   22.91, 1017.90,   -40.7,   40.76
SD,20,26,02,01,12,26,18,   23.75,   23.01, 1017.83,   -40.2,   40.71
SD,20,26,02,01,12,36,18,   24.00,   23.10, 1017.78,   -39.7,   40.53
SD,20,26,02,01,12,46,18,   24.00,   23.20, 1017.75,   -39.5,   40.42
SD,20,26,02,01,12,56,18,   23.75,   23.10, 1017.96,   -41.2,   40.42
SD,20,26,02,01,13,06,18,   23.75,   22.72, 1018.19,   -43.1,   40.96
SD,20,26,02,01,13,16,18,   23.25,   22.51, 1018.33,   -44.3,   41.40
SD,20,26,02,01,13,26,18,   23.50,   22.54, 1018.02,   -41.7,   41.38
SD,20,26,02,01,13,36,18,   23.25,   22.54, 1018.12,   -42.5,   41.43
SD,20,26,02,01,13,46,18,   23.50,   22.84, 1018.13,   -42.6,   41.11
SD,20,26,02,01,13,56,18,   23.50,   22.85, 1018.09,   -42.3,   40.94
SD,20,26,02,01,14,06,18,   23.50,   22.75, 1018.19,   -43.1,   40.86
SD,20,26,02,01,14,16,18,   23.50,   22.75, 1018.32,   -44.2,   41.10
SD,20,26,02,01,14,26,18,   23.75,   22.90, 1018.40,   -44.9,   41.26
SD,20,26,02,01,14,36,18,   23.75,   23.00, 1018.61,   -46.6,   41.18
SD,20,26,02,01,14,46,18,   23.75,   23.07, 1018.77,   -47.9,   41.18
SD,20,26,02,01,14,56,18,   23.25,   22.78, 1018.88,   -48.8,   41.28
SD,20,26,02,01,15,06,18,   23.25,   22.75, 1018.95,   -49.5,   41.51
SD,20,26,02,01,15,16,18,   23.25,   22.71, 1019.05,   -50.3,   41.51
SD,20,26,02,01,15,26,18,   23.50,   22.84, 1019.31,   -52.4,   41.28
SD,20,26,02,01,15,36,18,   23.75,   22.95, 1019.42,   -53.4,   41.70
SD,20,26,02,01,15,46,18,   23.50,   23.05, 1019.47,   -53.7,   41.82
SD,20,26,02,01,15,56,18,   23.75,   23.01, 1019.60,   -54.8,   42.31
SD,20,26,02,01,16,06,18,   23.75,   22.88, 1019.77,   -56.2,   41.82
SD,20,26,02,01,16,16,18,   24.00,   22.98, 1019.87,   -57.1,   41.99
SD,20,26,02,01,16,26,18,   24.00,   23.12, 1019.93,   -57.6,   41.84
SD,20,26,02,01,16,36,18,   24.00,   23.28, 1020.00,   -58.2,   41.73
SD,20,26,02,01,16,46,18,   24.25,   23.44, 1020.29,   -60.5,   41.60
SD,20,26,02,01,17,06,01,   24.25,   23.52, 1020.52,   -62.4,   41.59
SD,20,26,02,01,17,16,01,   24.25,   23.57, 1020.60,   -63.1,   41.64
SD,20,26,02,01,17,26,01,   24.25,   23.45, 1020.57,   -62.9,   41.18
SD,20,26,02,01,17,36,01,   24.25,   23.52, 1020.69,   -63.9,   41.38
SD,20,26,02,01,17,46,01,   24.25,   23.60, 1020.80,   -64.7,   41.40
SD,20,26,02,01,17,56,01,   24.25,   23.70, 1020.85,   -65.1,   41.27
SD,20,26,02,01,18,06,01,   24.50,   23.76, 1021.05,   -66.8,   41.26
SD,20,26,02,01,18,16,01,   24.50,   23.83, 1021.08,   -67.1,   41.28
SD,20,26,02,01,18,26,01,   24.50,   23.88, 1021.05,   -66.9,   41.26
SD,20,26,02,01,18,36,01,   24.50,   23.92, 1021.24,   -68.4,   41.19
SD,20,26,02,01,18,46,01,   24.50,   23.88, 1021.30,   -68.9,   40.77
SD,20,26,02,01,18,56,01,   24.50,   23.81, 1021.44,   -70.1,   40.66
SD,20,26,02,01,19,06,01,   24.00,   23.64, 1021.54,   -70.9,   41.01
SD,20,26,02,01,19,16,01,   24.00,   23.56, 1021.65,   -71.8,   41.46
SD,20,26,02,01,19,26,01,   24.00,   23.50, 1021.87,   -73.6,   41.68
SD,20,26,02,01,19,36,01,   23.75,   23.49, 1022.01,   -74.8,   41.68
SD,20,26,02,01,19,46,01,   23.75,   23.44, 1022.10,   -75.5,   41.86
SD,20,26,02,01,19,56,01,   23.75,   23.42, 1022.20,   -76.4,   41.88
SD,20,26,02,01,20,06,01,   24.00,   23.45, 1022.35,   -77.6,   41.76
SD,20,26,02,01,20,16,01,   23.75,   23.30, 1022.55,   -79.2,   41.97
SD,20,26,02,01,20,26,01,   23.75,   23.29, 1022.66,   -80.1,   41.94
SD,20,26,02,01,20,36,01,   23.75,   23.26, 1022.69,   -80.4,   41.91
SD,20,26,02,01,20,46,01,   23.75,   23.24, 1022.83,   -81.5,   41.92
SD,20,26,02,01,20,56,01,   24.00,   23.30, 1022.95,   -82.5,   41.82
SD,20,26,02,01,21,06,01,   23.75,   23.27, 1023.13,   -84.0,   41.87
SD,20,26,02,01,21,16,01,   24.00,   23.27, 1023.24,   -84.9,   41.81
SD,20,26,02,01,21,29,40,   24.00,   23.20, 1023.21,   -84.7,   42.09
SD,20,26,02,01,21,39,40,   23.75,   23.18, 1023.24,   -84.9,   42.36
SD,20,26,02,01,21,49,40,   24.00,   23.20, 1023.42,   -86.4,   42.38
SD,20,26,02,01,21,59,40,   24.00,   23.23, 1023.38,   -86.0,   42.40
SD,20,26,02,01,22,09,40,   24.25,   23.29, 1023.38,   -86.1,   42.28
SD,20,26,02,01,22,19,40,   24.25,   23.30, 1023.49,   -87.0,   42.40
SD,20,26,02,01,22,29,40,   24.25,   23.35, 1023.42,   -86.4,   42.32
SD,20,26,02,01,22,39,40,   24.00,   23.35, 1023.46,   -86.8,   42.34
SD,20,26,02,01,22,49,40,   24.25,   23.39, 1023.57,   -87.6,   42.28
SD,20,26,02,01,22,59,40,   24.50,   23.45, 1023.56,   -87.6,   42.22
SD,20,26,02,01,23,09,40,   24.25,   23.53, 1023.57,   -87.6,   41.82
SD,20,26,02,01,23,19,40,   24.00,   23.40, 1023.65,   -88.3,   41.77
SD,20,26,02,01,23,29,40,   23.75,   23.27, 1023.66,   -88.4,   41.81
SD,20,26,02,01,23,39,40,   23.75,   23.14, 1023.60,   -87.9,   41.89
SD,20,26,02,01,23,49,40,   23.50,   23.05, 1023.72,   -88.9,   41.92
SD,20,26,02,01,23,59,40,   23.50,   22.88, 1023.65,   -88.3,   42.48
SD,20,26,02,02,00,09,40,   23.50,   22.85, 1023.69,   -88.6,   42.56
SD,20,26,02,02,00,19,40,   23.50,   22.85, 1023.70,   -88.7,   42.24
SD,20,26,02,02,00,29,40,   23.25,   22.77, 1023.65,   -88.3,   42.25
SD,20,26,02,02,00,39,40,   23.25,   22.72, 1023.70,   -88.7,   42.22
SD,20,26,02,02,00,49,40,   23.25,   22.67, 1023.75,   -89.2,   42.22
SD,20,26,02,02,00,59,40,   23.25,   22.62, 1023.95,   -90.8,   42.25
SD,20,26,02,02,01,09,40,   23.25,   22.59, 1023.99,   -91.1,   42.19
SD,20,26,02,02,01,19,40,   23.25,   22.53, 1023.96,   -90.9,   42.21
SD,20,26,02,02,01,29,40,   23.00,   22.51, 1024.03,   -91.5,   42.17
SD,20,26,02,02,01,39,40,   23.00,   22.45, 1023.82,   -89.8,   42.23
SD,20,26,02,02,01,49,40,   23.00,   22.43, 1023.87,   -90.1,   42.16
SD,20,26,02,02,01,59,40,   23.00,   22.39, 1023.86,   -90.1,   42.17
SD,20,26,02,02,02,09,40,   23.00,   22.36, 1023.87,   -90.1,   42.18
SD,20,26,02,02,02,19,40,   23.00,   22.34, 1023.79,   -89.5,   42.15
SD,20,26,02,02,02,29,40,   22.75,   22.31, 1023.63,   -88.2,   42.13
SD,20,26,02,02,02,39,40,   22.75,   22.28, 1023.47,   -86.8,   42.14
SD,20,26,02,02,02,49,40,   22.75,   22.27, 1023.29,   -85.3,   42.17
SD,20,26,02,02,02,59,40,   22.75,   22.23, 1023.39,   -86.2,   42.12
SD,20,26,02,02,03,09,40,   22.75,   22.21, 1023.52,   -87.3,   42.11
SD,20,26,02,02,03,19,40,   22.75,   22.18, 1023.68,   -88.6,   42.08
SD,20,26,02,02,03,29,40,   22.75,   22.16, 1023.69,   -88.6,   42.07
SD,20,26,02,02,03,39,40,   22.75,   22.15, 1023.62,   -88.1,   42.02
SD,20,26,02,02,03,49,40,   22.75,   22.12, 1023.57,   -87.6,   42.00
SD,20,26,02,02,03,59,40,   22.75,   22.08, 1023.30,   -85.4,   42.03
SD,20,26,02,02,04,09,40,   22.75,   22.08, 1022.99,   -82.9,   41.98
SD,20,26,02,02,04,19,40,   22.50,   22.04, 1022.83,   -81.5,   42.01
SD,20,26,02,02,04,29,40,   22.75,   22.00, 1022.86,   -81.8,   42.02
SD,20,26,02,02,04,39,40,   22.75,   22.00, 1022.81,   -81.4,   41.95
SD,20,26,02,02,04,49,40,   22.50,   21.96, 1022.77,   -81.0,   41.95
SD,20,26,02,02,04,59,40,   22.50,   21.96, 1022.83,   -81.6,   41.95
SD,20,26,02,02,05,09,40,   22.50,   21.92, 1022.84,   -81.6,   41.99
SD,20,26,02,02,05,19,40,   22.50,   21.91, 1022.78,   -81.1,   41.94
SD,20,26,02,02,05,29,40,   22.50,   21.90, 1022.67,   -80.2,   41.93
SD,20,26,02,02,05,39,40,   22.50,   21.86, 1022.52,   -79.0,   41.98
SD,20,26,02,02,05,49,40,   22.50,   21.86, 1022.72,   -80.6,   41.89
SD,20,26,02,02,05,59,40,   22.50,   21.84, 1022.91,   -82.2,   41.89
SD,20,26,02,02,06,09,40,   22.50,   21.82, 1022.73,   -80.8,   41.88
SD,20,26,02,02,06,19,40,   22.50,   21.81, 1022.83,   -81.5,   41.87
SD,20,26,02,02,06,29,40,   22.25,   21.79, 1022.76,   -81.0,   41.83
SD,20,26,02,02,06,39,40,   22.50,   21.78, 1023.10,   -83.8,   41.83
SD,20,26,02,02,06,49,40,   22.50,   21.75, 1023.19,   -84.5,   41.84
SD,20,26,02,02,06,59,40,   22.25,   21.73, 1023.05,   -83.3,   41.78
SD,20,26,02,02,07,09,40,   22.25,   21.73, 1023.14,   -84.1,   41.77
SD,20,26,02,02,07,19,40,   22.25,   21.71, 1023.26,   -85.1,   41.80
SD,20,26,02,02,07,29,40,   22.25,   21.69, 1023.46,   -86.7,   41.88
SD,20,26,02,02,07,39,40,   22.25,   21.66, 1023.43,   -86.5,   41.78
SD,20,26,02,02,07,49,40,   22.25,   21.67, 1023.48,   -86.9,   41.77
SD,20,26,02,02,07,59,40,   22.25,   21.66, 1023.63,   -88.2,   41.70
SD,20,26,02,02,08,09,40,   22.25,   21.63, 1023.72,   -88.9,   41.75
SD,20,26,02,02,08,19,40,   22.25,   21.62, 1023.78,   -89.4,   41.71
SD,20,26,02,02,08,29,40,   22.25,   21.61, 1023.86,   -90.1,   41.70
SD,20,26,02,02,08,39,40,   22.25,   21.60, 1023.91,   -90.4,   41.68
SD,20,26,02,02,08,49,40,   22.25,   21.63, 1023.91,   -90.5,   41.63
SD,20,26,02,02,08,59,40,   22.25,   21.65, 1023.97,   -91.0,   41.65
SD,20,26,02,02,09,09,40,   22.25,   21.67, 1023.95,   -90.8,   41.66
SD,20,26,02,02,09,19,40,   22.25,   21.68, 1023.98,   -91.1,   41.68
SD,20,26,02,02,09,29,40,   22.50,   21.70, 1024.03,   -91.4,   41.69
SD,20,26,02,02,09,39,40,   22.25,   21.71, 1023.99,   -91.1,   41.62
SD,20,26,02,02,09,49,40,   22.50,   21.74, 1023.99,   -91.1,   41.63
SD,20,26,02,02,09,59,40,   22.50,   21.74, 1024.04,   -91.5,   41.70
SD,20,26,02,02,10,09,40,   22.50,   21.75, 1024.04,   -91.6,   41.66
SD,20,26,02,02,10,19,40,   22.50,   21.77, 1024.23,   -93.1,   41.68
SD,20,26,02,02,10,29,40,   22.50,   21.67, 1024.40,   -94.5,   42.54
SD,20,26,02,02,10,39,40,   22.75,   21.89, 1024.51,   -95.5,   42.72
SD,20,26,02,02,10,49,40,   22.75,   21.85, 1024.65,   -96.6,   43.14
SD,20,26,02,02,10,59,40,   23.00,   21.96, 1024.69,   -96.9,   43.15
SD,20,26,02,02,11,09,40,   23.25,   22.02, 1024.73,   -97.2,   43.01
SD,20,26,02,02,11,19,40,   23.00,   22.13, 1024.84,   -98.1,   42.86
SD,20,26,02,02,11,29,40,   23.25,   22.18, 1024.83,   -98.0,   42.90
SD,20,26,02,02,11,39,40,   23.25,   22.28, 1024.87,   -98.3,   42.79
SD,20,26,02,02,11,49,40,   23.00,   22.35, 1024.95,   -99.0,   42.25
SD,20,26,02,02,11,59,40,   23.00,   22.27, 1025.05,   -99.8,   42.16
SD,20,26,02,02,12,09,40,   23.00,   22.20, 1025.09,  -100.2,   42.17
SD,20,26,02,02,12,19,40,   23.50,   22.37, 1025.03,   -99.7,   42.35
SD,20,26,02,02,12,29,40,   23.50,   22.46, 1025.06,   -99.9,   42.47
SD,20,26,02,02,12,39,40,   23.50,   22.53, 1025.00,   -99.4,   42.48
SD,20,26,02,02,12,49,40,   23.75,   22.58, 1025.07,  -100.0,   42.57
SD,20,26,02,02,12,59,40,   23.50,   22.62, 1025.06,   -99.9,   42.99
SD,20,26,02,02,13,09,40,   23.50,   22.71, 1025.00,   -99.5,   43.20
SD,20,26,02,02,13,19,40,   23.75,   22.74, 1025.03,   -99.7,   43.51
SD,20,26,02,02,13,29,40,   23.50,   22.51, 1025.04,   -99.8,   43.30
SD,20,26,02,02,13,39,40,   22.50,   22.09, 1024.95,   -99.0,   43.14
SD,20,26,02,02,13,49,40,   22.75,   22.17, 1024.95,   -99.1,   43.02
SD,20,26,02,02,13,59,40,   23.25,   22.24, 1024.99,   -99.4,   42.60
SD,20,26,02,02,14,09,40,   23.25,   22.24, 1024.93,   -98.9,   42.50
SD,20,26,02,02,14,19,40,   23.25,   22.29, 1024.98,   -99.3,   42.65
SD,20,26,02,02,14,29,40,   23.50,   22.36, 1024.98,   -99.3,   42.92
SD,20,26,02,02,14,39,40,   23.50,   22.46, 1025.01,   -99.5,   42.91
SD,20,26,02,02,14,49,40,   23.50,   22.53, 1025.07,  -100.0,   42.96
SD,20,26,02,02,14,59,40,   23.75,   22.64, 1025.19,  -101.0,   42.79
SD,20,26,02,02,15,09,40,   23.75,   22.67, 1025.27,  -101.6,   42.62
SD,20,26,02,02,15,29,34,   23.50,   22.69, 1025.45,  -103.3,   42.72
SD,20,26,02,02,15,39,34,   23.75,   22.73, 1025.60,  -104.4,   42.76
SD,20,26,02,02,15,49,34,   23.75,   22.81, 1025.76,  -105.8,   42.58
SD,20,26,02,02,15,59,34,   23.75,   22.83, 1025.79,  -106.0,   42.60
SD,20,26,02,02,16,09,34,   23.75,   22.86, 1025.88,  -106.7,   42.69
SD,20,26,02,02,16,21,22,   24.00,   22.94, 1026.03,  -107.9,   42.63
SD,20,26,02,02,16,32,02,   24.00,   23.04, 1026.12,  -108.7,   42.46
SD,20,26,02,02,16,42,02,   24.00,   23.16, 1026.28,  -110.0,   42.30
SD,20,26,02,02,16,52,02,   24.00,   23.25, 1026.49,  -111.7,   42.13
SD,20,26,02,02,17,02,02,   24.00,   23.23, 1026.60,  -112.6,   42.14
SD,20,26,02,02,17,12,02,   24.25,   23.27, 1026.65,  -113.1,   42.23
SD,20,26,02,02,17,22,02,   24.25,   23.34, 1026.82,  -114.4,   42.15
SD,20,26,02,02,17,32,02,   24.25,   23.39, 1026.83,  -114.6,   41.98
SD,20,26,02,02,17,42,41,   24.25,inf,inf,inf,inf
SD,20,26,02,02,17,52,41,   24.25,inf,inf,inf,inf
SD,20,26,02,02,18,02,41,   24.25,inf,inf,inf,inf
SD,20,26,02,02,18,12,41,   24.50,inf,inf,inf,inf
SD,20,26,02,02,18,22,41,   24.50,inf,inf,inf,inf
SD,20,26,02,02,18,32,41,   24.50,inf,inf,inf,inf
SD,20,26,02,02,18,42,41,   24.25,inf,inf,inf,inf
SD,20,26,02,02,18,52,41,   24.00,inf,inf,inf,inf
SD,20,26,02,02,19,02,41,   24.00,inf,inf,inf,inf
SD,20,26,02,02,19,12,41,   23.75,inf,inf,inf,inf
SD,20,26,02,02,19,26,07,   23.75,FFFFFFFF,FFFFFFFF,FFFFFFFF,FFFFFFFF

SD,20,26,02,02,19,36,07,   23.75,FFFFFFFF,FFFFFFFF,FFFFFFFF,FFFFFFFF

SD,20,26,02,02,19,48,23,   24.00,FFFFFFFF,FFFFFFFF,FFFFFFFF,FFFFFFFF

SD,20,26,02,02,19,58,23,   24.00,FFFFFFFF,FFFFFFFF,FFFFFFFF,FFFFFFFF

SD,20,26,02,02,20,08,23,   23.75,FFFFFFFF,FFFFFFFF,FFFFFFFF,FFFFFFFF

SD,20,26,02,02,20,18,23,   23.75,FFFFFFFF,FFFFFFFF,FFFFFFFF,FFFFFFFF

SD,20,26,02,02,20,28,23,   23.75,FFFFFFFF,FFFFFFFF,FFFFFFFF,FFFFFFFF

SD,20,26,02,02,20,40,38,   23.75,   23.08, 1028.09,  -124.9,   42.75
SD,20,26,02,02,20,50,38,   23.75,   23.16, 1028.27,  -126.4,   42.79
SD,20,26,02,02,21,00,38,   24.00,   23.22, 1028.44,  -127.8,   42.66
SD,20,26,02,02,21,10,38,   24.00,   23.25, 1028.55,  -128.7,   42.73
SD,20,26,02,02,21,29,32,   24.00,   23.22, 1028.90,  -131.6,   43.10
SD,20,26,02,02,21,39,32,   24.00,   23.25, 1029.12,  -133.4,   42.72
SD,20,26,02,02,21,49,32,   24.25,   23.27, 1029.11,  -133.3,   42.73
SD,20,26,02,02,21,59,32,   24.00,   23.32, 1029.22,  -134.2,   42.51
SD,20,26,02,02,22,09,32,   24.25,   23.37, 1029.08,  -133.0,   42.42
SD,20,26,02,02,22,24,36,   24.25,   23.30, 1029.12,  -133.4,   42.29
SD,20,26,02,02,22,34,36,   24.00,   23.23, 1029.11,  -133.3,   42.49
SD,20,26,02,02,22,44,36,   24.00,   23.21, 1029.11,  -133.3,   42.38
SD,20,26,02,02,22,54,36,   24.25,   23.19, 1029.15,  -133.6,   42.30
SD,20,26,02,02,23,04,36,   24.00,   23.17, 1029.13,  -133.5,   42.27
SD,20,26,02,02,23,14,36,   24.00,   23.12, 1029.15,  -133.6,   42.32
SD,20,26,02,02,23,24,36,   23.75,   23.13, 1029.30,  -134.9,   42.24
SD,20,26,02,02,23,43,04,   23.50,   22.88, 1029.25,  -134.5,   42.15
SD,20,26,02,02,23,53,04,   23.50,   22.83, 1029.29,  -134.8,   42.13
SD,20,26,02,03,00,05,06,   23.25,   22.65, 1029.54,  -136.8,   42.16
SD,20,26,02,03,00,15,06,   23.00,   22.58, 1029.71,  -138.2,   42.07
SD,20,26,02,03,00,25,06,   23.00,   22.45, 1029.87,  -139.4,   42.22
SD,20,26,02,03,00,35,06,   23.25,   22.61, 1029.99,  -140.6,   41.93
SD,20,26,02,03,00,45,06,   23.25,   22.60, 1030.06,  -141.1,   41.91
SD,20,26,02,03,00,55,06,   23.25,   22.54, 1030.06,  -141.1,   41.90
SD,20,26,02,03,01,05,06,   23.25,   22.49, 1030.23,  -142.5,   41.96
SD,20,26,02,03,01,15,06,   23.00,   22.42, 1030.34,  -143.4,   42.07
SD,20,26,02,03,01,25,06,   23.00,   22.38, 1030.60,  -145.5,   42.10
SD,20,26,02,03,01,35,06,   23.00,   22.32, 1030.54,  -145.1,   42.13
SD,20,26,02,03,01,45,06,   23.00,   22.29, 1030.37,  -143.6,   42.16
SD,20,26,02,03,01,55,06,   23.00,   22.24, 1030.32,  -143.2,   42.21
SD,20,26,02,03,02,05,06,   23.00,   22.20, 1030.32,  -143.3,   42.21
SD,20,26,02,03,02,15,06,   22.75,   22.15, 1030.47,  -144.5,   42.24
SD,20,26,02,03,02,25,06,   22.75,   22.13, 1030.36,  -143.6,   42.24
SD,20,26,02,03,02,35,06,   22.75,   22.10, 1030.33,  -143.4,   42.25
SD,20,26,02,03,02,45,06,   22.75,   22.07, 1030.31,  -143.1,   42.23
SD,20,26,02,03,02,55,06,   22.75,   22.04, 1030.36,  -143.6,   42.24
SD,20,26,02,03,03,05,06,   22.75,   22.02, 1030.33,  -143.4,   42.24
SD,20,26,02,03,03,15,06,   22.75,   21.98, 1030.33,  -143.3,   42.27
SD,20,26,02,03,03,25,06,   22.75,   21.95, 1030.30,  -143.1,   42.26
SD,20,26,02,03,03,35,06,   22.75,   21.95, 1030.23,  -142.5,   42.25
SD,20,26,02,03,03,45,06,   22.50,   21.92, 1030.31,  -143.2,   42.28
SD,20,26,02,03,03,55,06,   22.50,   21.93, 1030.43,  -144.2,   42.23
SD,20,26,02,03,04,05,06,   22.50,   21.92, 1030.41,  -144.0,   42.22
SD,20,26,02,03,04,15,06,   22.50,   21.90, 1030.32,  -143.3,   42.23
SD,20,26,02,03,04,25,06,   22.50,   21.87, 1030.28,  -142.9,   42.25
SD,20,26,02,03,04,35,06,   22.50,   21.87, 1030.16,  -141.9,   42.21
SD,20,26,02,03,04,45,06,   22.50,   21.84, 1029.99,  -140.5,   42.21
SD,20,26,02,03,04,55,06,   22.50,   21.82, 1029.96,  -140.3,   42.23
SD,20,26,02,03,05,05,06,   22.50,   21.80, 1029.87,  -139.6,   42.19
SD,20,26,02,03,05,15,06,   22.50,   21.80, 1029.97,  -140.4,   42.20
SD,20,26,02,03,05,25,06,   22.50,   21.77, 1030.15,  -141.9,   42.18
SD,20,26,02,03,05,35,06,   22.25,   21.76, 1030.04,  -140.9,   42.17
SD,20,26,02,03,05,45,06,   22.50,   21.73, 1029.98,  -140.4,   42.16
SD,20,26,02,03,05,55,06,   22.50,   21.72, 1029.89,  -139.7,   42.14
SD,20,26,02,03,06,05,06,   22.25,   21.70, 1029.67,  -137.9,   42.16
SD,20,26,02,03,06,15,06,   22.25,   21.68, 1029.49,  -136.5,   42.17
SD,20,26,02,03,06,25,06,   22.25,   21.66, 1029.73,  -138.4,   42.15
SD,20,26,02,03,06,35,06,   22.25,   21.66, 1029.79,  -138.9,   42.18
SD,20,26,02,03,06,45,06,   22.25,   21.64, 1029.82,  -139.1,   42.17
SD,20,26,02,03,06,55,06,   22.25,   21.63, 1029.93,  -140.0,   42.15
SD,20,26,02,03,07,05,06,   22.25,   21.61, 1029.85,  -139.4,   42.14
SD,20,26,02,03,07,15,06,   22.25,   21.58, 1029.78,  -138.8,   42.14
SD,20,26,02,03,07,25,06,   22.25,   21.57, 1029.59,  -137.2,   42.15
SD,20,26,02,03,07,35,06,   22.25,   21.54, 1029.62,  -137.5,   42.11
SD,20,26,02,03,07,45,06,   22.25,   21.55, 1029.77,  -138.7,   42.08
SD,20,26,02,03,07,55,06,   22.25,   21.52, 1029.74,  -138.5,   42.10
SD,20,26,02,03,08,05,06,   22.25,   21.50, 1029.90,  -139.8,   42.12
SD,20,26,02,03,08,15,06,   22.25,   21.51, 1029.71,  -138.2,   42.06
SD,20,26,02,03,08,25,06,   22.00,   21.49, 1029.62,  -137.5,   42.08
SD,20,26,02,03,08,35,06,   22.00,   21.47, 1029.39,  -135.6,   42.07
SD,20,26,02,03,08,45,06,   22.00,   21.48, 1029.52,  -136.6,   42.05
SD,20,26,02,03,08,55,06,   22.25,   21.51, 1029.68,  -138.0,   41.96
SD,20,26,02,03,09,05,06,   22.25,   21.53, 1029.60,  -137.3,   41.96
SD,20,26,02,03,09,15,06,   22.25,   21.56, 1029.69,  -138.1,   41.97
SD,20,26,02,03,09,25,06,   22.25,   21.58, 1029.49,  -136.4,   41.96
SD,20,26,02,03,09,35,06,   22.25,   21.62, 1029.48,  -136.3,   41.97
SD,20,26,02,03,09,45,06,   22.25,   21.61, 1029.33,  -135.1,   42.40
SD,20,26,02,03,09,55,06,   22.75,   21.87, 1029.45,  -136.1,   42.54
SD,20,26,02,03,10,13,55,   23.00,   22.23, 1029.63,  -137.5,   42.58
SD,20,26,02,03,10,23,55,   23.25,   22.42, 1029.69,  -138.1,   42.21
SD,20,26,02,03,10,33,55,   23.25,   22.54, 1029.57,  -137.1,   42.65
SD,20,26,02,03,10,43,55,   23.25,   22.61, 1029.70,  -138.1,   43.19
SD,20,26,02,03,10,53,55,   23.00,   22.53, 1029.80,  -139.0,   42.65
SD,20,26,02,03,11,03,55,   23.00,   22.49, 1029.85,  -139.4,   42.31
SD,20,26,02,03,11,13,55,   23.00,   22.39, 1029.81,  -139.0,   42.75
SD,20,26,02,03,11,26,59,   23.00,   22.41, 1030.02,  -140.8,   43.12
SD,20,26,02,03,11,36,59,   23.00,   22.39, 1030.08,  -141.3,   42.86
SD,20,26,02,03,11,46,59,   23.00,   22.35, 1030.08,  -141.3,   42.72
SD,20,26,02,03,11,56,59,   23.00,   22.31, 1030.04,  -141.0,   42.63
SD,20,26,02,03,12,06,59,   23.00,   22.27, 1029.95,  -140.2,   42.63
SD,20,26,02,03,12,16,59,   22.75,   22.23, 1029.83,  -139.2,   42.62
SD,20,26,02,03,12,26,59,   22.75,   22.21, 1030.24,  -142.6,   42.62
SD,20,26,02,03,12,36,59,   22.75,   22.16, 1029.76,  -138.6,   42.60
SD,20,26,02,03,12,46,59,   22.75,   22.14, 1029.74,  -138.5,   42.61
SD,20,26,02,03,12,56,59,   22.75,   22.14, 1029.59,  -137.3,   42.55
SD,20,26,02,03,13,06,59,   22.75,   22.13, 1029.67,  -137.9,   42.54
SD,20,26,02,03,13,16,59,   22.75,   22.11, 1029.50,  -136.5,   42.54
SD,20,26,02,03,13,26,59,   22.75,   22.08, 1029.21,  -134.1,   42.54
SD,20,26,02,03,13,36,59,   22.75,   22.07, 1029.34,  -135.2,   42.55
SD,20,26,02,03,13,46,59,   22.50,   22.06, 1029.17,  -133.8,   42.52
SD,20,26,02,03,13,56,59,   22.75,   22.05, 1028.85,  -131.2,   42.50
SD,20,26,02,03,14,06,59,   22.75,   22.05, 1028.81,  -130.8,   42.48
SD,20,26,02,03,14,16,59,   22.75,   22.05, 1028.91,  -131.7,   42.48
SD,20,26,02,03,14,26,59,   22.75,   22.03, 1029.05,  -132.8,   42.50
SD,20,26,02,03,14,36,59,   22.75,   22.02, 1028.95,  -132.0,   42.46
SD,20,26,02,03,14,46,59,   22.50,   22.02, 1028.75,  -130.4,   42.44
SD,20,26,02,03,14,56,59,   22.75,   22.01, 1028.98,  -132.3,   42.46
SD,20,26,02,03,15,06,59,   22.75,   22.01, 1029.06,  -132.9,   42.46
SD,20,26,02,03,15,16,59,   22.75,   21.99, 1029.00,  -132.4,   42.46
SD,20,26,02,03,15,26,59,   22.75,   21.97, 1028.98,  -132.2,   43.10
SD,20,26,02,03,15,36,59,   23.00,   22.18, 1029.00,  -132.4,   43.00
SD,20,26,02,03,15,46,59,   23.00,   22.25, 1029.15,  -133.6,   42.86
SD,20,26,02,03,15,56,59,   23.25,   22.37, 1029.19,  -134.0,   42.76
SD,20,26,02,03,16,12,57,   23.25,   22.54, 1028.97,  -132.2,   42.74
SD,20,26,02,03,16,22,57,   23.50,   22.63, 1029.13,  -133.5,   42.76
SD,20,26,02,03,16,32,57,   23.50,   22.66, 1029.15,  -133.6,   42.79
SD,20,26,02,03,16,42,57,   23.50,   22.84, 1028.98,  -132.3,   42.50
SD,20,26,02,03,16,52,57,   23.00,   22.60, 1028.71,  -130.0,   40.33
SD,20,26,02,03,17,02,57,   22.75,   22.39, 1028.75,  -130.3,   41.35
SD,20,26,02,03,17,12,57,   22.75,   22.33, 1028.74,  -130.3,   41.77
SD,20,26,02,03,17,22,57,   22.75,   22.32, 1028.96,  -132.1,   41.80
SD,20,26,02,03,17,32,57,   22.75,   22.31, 1028.97,  -132.1,   42.77
SD,20,26,02,03,17,42,57,   23.00,   22.37, 1028.96,  -132.1,   41.83
SD,20,26,02,03,17,52,57,   23.00,   22.44, 1028.95,  -132.0,   42.20
SD,20,26,02,03,18,02,57,   23.00,   22.44, 1028.81,  -130.8,   42.40
SD,20,26,02,03,18,12,57,   23.00,   22.54, 1028.86,  -131.2,   42.10
SD,20,26,02,03,18,22,57,   23.00,   22.49, 1028.96,  -132.0,   43.05
SD,20,26,02,03,18,32,57,   23.25,   22.60, 1029.00,  -132.4,   43.13
SD,20,26,02,03,18,42,57,   23.25,   22.61, 1028.87,  -131.3,   43.03
SD,20,26,02,03,18,52,57,   23.25,   22.67, 1028.88,  -131.4,   43.18
SD,20,26,02,03,19,02,57,   23.25,   22.69, 1028.67,  -129.7,   43.12
SD,20,26,02,03,19,12,57,   23.25,   22.68, 1028.70,  -129.9,   43.41
SD,20,26,02,03,19,22,57,   23.25,   22.65, 1028.61,  -129.2,   43.66
SD,20,26,02,03,19,32,57,   23.00,   22.49, 1028.79,  -130.7,   42.05
SD,20,26,02,03,19,42,57,   23.00,   22.47, 1028.81,  -130.9,   42.39
SD,20,26,02,03,19,52,57,   23.00,   22.45, 1028.77,  -130.5,   43.12
SD,20,26,02,03,20,02,57,   23.00,   22.38, 1028.45,  -127.9,   43.46
SD,20,26,02,03,20,12,57,   23.00,   22.41, 1028.37,  -127.2,   44.05
SD,20,26,02,03,20,22,57,   23.00,   22.50, 1028.13,  -125.3,   44.26
SD,20,26,02,03,20,32,57,   23.25,   22.54, 1027.81,  -122.6,   44.46
SD,20,26,02,03,20,42,57,   23.25,   22.59, 1027.65,  -121.3,   44.58
SD,20,26,02,03,20,52,57,   23.25,   22.75, 1027.81,  -122.6,   44.13
SD,20,26,02,03,21,02,57,   23.25,   22.71, 1027.58,  -120.7,   44.19
SD,20,26,02,03,21,12,57,   23.25,   22.76, 1027.64,  -121.2,   43.70
SD,20,26,02,03,21,22,57,   23.25,   22.81, 1027.82,  -122.7,   43.97
SD,20,26,02,03,21,32,57,   23.50,   22.89, 1027.75,  -122.2,   43.81
SD,20,26,02,03,21,42,57,   23.50,   23.00, 1027.68,  -121.5,   43.68
SD,20,26,02,03,21,52,57,   23.50,   23.04, 1027.49,  -120.0,   43.73
SD,20,26,02,03,22,02,57,   23.50,   23.10, 1027.67,  -121.5,   43.67
SD,20,26,02,03,22,12,57,   23.75,   23.21, 1028.15,  -125.4,   43.58
SD,20,26,02,03,22,22,57,   24.00,   23.27, 1028.15,  -125.4,   43.83
SD,20,26,02,03,22,32,57,   23.75,   23.16, 1028.20,  -125.8,   42.99
SD,20,26,02,03,22,42,57,   23.75,   23.13, 1028.22,  -125.9,   42.71
SD,20,26,02,03,22,52,57,   23.75,   23.04, 1028.37,  -127.2,   42.59
SD,20,26,02,03,23,02,57,   23.50,   22.93, 1028.27,  -126.4,   42.80
SD,20,26,02,03,23,12,57,   23.50,   22.87, 1028.33,  -126.9,   42.70
SD,20,26,02,03,23,22,57,   23.50,   22.77, 1028.52,  -128.4,   42.71
SD,20,26,02,03,23,32,57,   23.50,   22.69, 1028.48,  -128.2,   42.80
SD,20,26,02,03,23,42,57,   23.25,   22.65, 1028.60,  -129.1,   42.78
SD,20,26,02,03,23,52,57,   23.50,   22.60, 1028.72,  -130.0,   42.96
SD,20,26,02,04,00,02,57,   23.25,   22.56, 1028.62,  -129.3,   42.85
SD,20,26,02,04,00,12,57,   23.25,   22.50, 1028.56,  -128.8,   43.03
SD,20,26,02,04,00,22,57,   23.25,   22.46, 1028.30,  -126.6,   42.88
SD,20,26,02,04,00,32,57,   23.25,   22.41, 1028.10,  -125.0,   42.83
SD,20,26,02,04,00,42,57,   23.00,   22.39, 1027.95,  -123.7,   42.79
SD,20,26,02,04,00,52,57,   23.00,   22.33, 1027.84,  -122.9,   42.89
SD,20,26,02,04,01,02,57,   23.00,   22.31, 1027.90,  -123.4,   42.87
SD,20,26,02,04,01,12,57,   23.00,   22.28, 1027.64,  -121.2,   42.91
SD,20,26,02,04,01,22,57,   23.00,   22.27, 1027.50,  -120.1,   42.91
SD,20,26,02,04,01,32,57,   23.00,   22.23, 1027.77,  -122.3,   42.91
SD,20,26,02,04,01,42,57,   23.00,   22.19, 1028.30,  -126.6,   42.93
SD,20,26,02,04,01,52,57,   23.00,   22.18, 1028.55,  -128.7,   42.89
SD,20,26,02,04,02,02,57,   23.00,   22.17, 1028.33,  -126.9,   42.90
SD,20,26,02,04,02,12,57,   22.75,   22.14, 1028.20,  -125.8,   42.83
SD,20,26,02,04,02,22,57,   23.00,   22.12, 1028.20,  -125.6,   42.89
SD,20,26,02,04,02,32,57,   22.75,   22.09, 1028.32,  -126.8,   42.90
SD,20,26,02,04,02,42,57,   22.75,   22.08, 1028.26,  -126.3,   42.87
SD,20,26,02,04,02,52,57,   22.75,   22.07, 1028.32,  -126.8,   42.84
SD,20,26,02,04,03,02,57,   22.75,   22.02, 1028.32,  -126.8,   42.86
SD,20,26,02,04,03,12,57,   22.75,   22.00, 1028.22,  -126.0,   42.81
SD,20,26,02,04,03,22,57,   22.75,   21.98, 1028.11,  -125.1,   42.80
SD,20,26,02,04,03,32,57,   22.75,   21.98, 1027.89,  -123.3,   42.77
SD,20,26,02,04,03,42,57,   22.75,   21.94, 1027.85,  -122.9,   42.78
SD,20,26,02,04,03,52,57,   22.75,   21.92, 1027.81,  -122.6,   42.76
SD,20,26,02,04,04,02,57,   22.75,   21.90, 1027.78,  -122.4,   42.75
SD,20,26,02,04,04,12,57,   22.75,   21.88, 1027.83,  -122.8,   42.72
SD,20,26,02,04,04,22,57,   22.50,   21.85, 1027.99,  -124.1,   42.76
SD,20,26,02,04,04,32,57,   22.75,   21.83, 1027.79,  -122.5,   42.73
SD,20,26,02,04,04,42,57,   22.50,   21.81, 1027.92,  -123.5,   42.67
SD,20,26,02,04,04,52,57,   22.50,   21.80, 1027.85,  -123.0,   42.70
SD,20,26,02,04,05,02,57,   22.50,   21.77, 1027.95,  -123.7,   42.71
SD,20,26,02,04,05,12,57,   22.50,   21.74, 1028.02,  -124.3,   42.67
SD,20,26,02,04,05,22,57,   22.50,   21.71, 1027.90,  -123.3,   42.73
SD,20,26,02,04,05,32,57,   22.50,   21.70, 1027.99,  -124.1,   42.68
SD,20,26,02,04,05,42,57,   22.50,   21.67, 1028.02,  -124.4,   42.67
SD,20,26,02,04,05,52,57,   22.50,   21.67, 1028.05,  -124.6,   42.63
SD,20,26,02,04,06,02,57,   22.50,   21.64, 1027.84,  -122.8,   42.67
SD,20,26,02,04,06,12,57,   22.25,   21.63, 1027.66,  -121.4,   42.61
SD,20,26,02,04,06,22,57,   22.50,   21.59, 1027.58,  -120.7,   42.62
SD,20,26,02,04,06,32,57,   22.25,   21.60, 1027.36,  -118.9,   42.56
SD,20,26,02,04,06,42,57,   22.25,   21.56, 1027.44,  -119.6,   42.56
SD,20,26,02,04,06,52,57,   22.25,   21.52, 1027.57,  -120.7,   42.56
SD,20,26,02,04,07,02,57,   22.25,   21.50, 1027.57,  -120.6,   42.60
SD,20,26,02,04,07,12,57,   22.25,   21.49, 1027.80,  -122.6,   42.51
SD,20,26,02,04,07,22,57,   22.25,   21.48, 1027.90,  -123.4,   42.47
SD,20,26,02,04,07,32,57,   22.25,   21.46, 1027.92,  -123.5,   42.49
SD,20,26,02,04,07,42,57,   22.25,   21.45, 1027.78,  -122.4,   42.44
SD,20,26,02,04,07,52,57,   22.25,   21.44, 1027.68,  -121.5,   42.40
SD,20,26,02,04,08,02,57,   22.00,   21.41, 1027.47,  -119.8,   42.39
SD,20,26,02,04,08,12,57,   22.00,   21.40, 1027.35,  -118.9,   42.39
SD,20,26,02,04,08,22,57,   22.00,   21.38, 1027.50,  -120.0,   42.41
SD,20,26,02,04,08,32,57,   22.00,   21.36, 1027.69,  -121.6,   42.40
SD,20,26,02,04,08,42,57,   22.00,   21.40, 1027.64,  -121.2,   42.22
SD,20,26,02,04,08,52,57,   22.25,   21.44, 1027.64,  -121.3,   42.28
SD,20,26,02,04,09,02,57,   22.25,   21.45, 1028.01,  -124.2,   42.34
SD,20,26,02,04,09,12,57,   22.25,   21.48, 1028.08,  -124.8,   42.36
SD,20,26,02,04,09,22,57,   22.25,   21.52, 1028.17,  -125.5,   42.69
SD,20,26,02,04,09,32,57,   22.50,   21.66, 1027.96,  -123.8,   43.56
SD,20,26,02,04,09,42,57,   22.50,   21.71, 1027.83,  -122.8,   43.15
SD,20,26,02,04,09,52,57,   22.75,   21.84, 1028.16,  -125.4,   43.41
SD,20,26,02,04,10,02,57,   22.75,   21.91, 1028.30,  -126.6,   43.34
SD,20,26,02,04,10,12,57,   22.75,   21.93, 1028.37,  -127.2,   43.30
SD,20,26,02,04,10,22,57,   22.75,   22.06, 1028.29,  -126.6,   43.17
SD,20,26,02,04,10,32,57,   23.00,   22.06, 1028.25,  -126.2,   42.97
SD,20,26,02,04,10,42,57,   23.00,   22.19, 1028.21,  -125.9,   43.13
SD,20,26,02,04,10,52,57,   23.25,   22.30, 1028.34,  -127.0,   43.10
SD,20,26,02,04,11,02,57,   23.25,   22.44, 1028.36,  -127.2,   43.07
SD,20,26,02,04,11,12,57,   23.50,   22.50, 1028.39,  -127.4,   43.03
SD,20,26,02,04,11,22,57,   23.50,   22.60, 1028.18,  -125.7,   43.21
SD,20,26,02,04,11,32,57,   23.50,   22.66, 1027.97,  -124.0,   43.34
SD,20,26,02,04,11,42,57,   23.25,   22.68, 1028.09,  -124.9,   43.39
SD,20,26,02,04,11,52,57,   23.25,   22.35, 1028.05,  -124.6,   43.54
SD,20,26,02,04,12,02,57,   22.75,   22.24, 1028.17,  -125.5,   43.56
SD,20,26,02,04,12,12,57,   22.75,   22.27, 1027.90,  -123.3,   43.52
SD,20,26,02,04,12,22,57,   23.00,   22.39, 1027.79,  -122.5,   43.02
SD,20,26,02,04,12,32,57,   22.75,   22.16, 1027.56,  -120.5,   43.45
SD,20,26,02,04,12,42,57,   22.75,   22.07, 1027.51,  -120.1,   43.62
SD,20,26,02,04,12,52,57,   22.50,   21.85, 1027.55,  -120.4,   44.11
SD,20,26,02,04,13,02,57,   22.50,   21.81, 1027.41,  -119.3,   44.15
SD,20,26,02,04,13,12,57,   22.75,   21.91, 1027.47,  -119.8,   45.91
SD,20,26,02,04,13,22,57,   22.75,   22.02, 1027.54,  -120.4,   49.10
SD,20,26,02,04,13,32,57,   22.75,   21.92, 1027.38,  -119.1,   48.01
SD,20,26,02,04,13,42,57,   22.75,   21.99, 1027.11,  -116.8,   48.71
SD,20,26,02,04,13,52,57,   23.00,   22.07, 1026.95,  -115.5,   49.32
SD,20,26,02,04,14,02,57,   22.75,   22.02, 1026.75,  -113.9,   49.46
SD,20,26,02,04,14,12,57,   22.75,   22.03, 1026.93,  -115.4,   49.22
SD,20,26,02,04,14,22,57,   22.75,   21.98, 1026.98,  -115.9,   48.87
SD,20,26,02,04,14,32,57,   22.75,   21.99, 1026.87,  -114.9,   48.39
SD,20,26,02,04,14,42,57,   22.75,   21.95, 1026.96,  -115.7,   48.02
SD,20,26,02,04,14,52,57,   22.75,   22.08, 1026.93,  -115.3,   47.26
SD,20,26,02,04,15,02,57,   23.00,   22.13, 1026.58,  -112.4,   46.67
SD,20,26,02,04,15,12,57,   23.00,   22.14, 1026.63,  -112.9,   46.22
SD,20,26,02,04,15,22,57,   23.00,   22.13, 1026.57,  -112.4,   46.03
SD,20,26,02,04,15,32,57,   23.00,   22.11, 1026.38,  -110.7,   45.78
SD,20,26,02,04,15,42,57,   23.00,   22.11, 1026.44,  -111.4,   45.63
SD,20,26,02,04,15,52,57,   23.00,   22.11, 1026.51,  -112.0,   45.39
SD,20,26,02,04,16,02,57,   23.00,   22.12, 1026.57,  -112.4,   45.29
SD,20,26,02,04,16,12,57,   23.00,   22.13, 1026.64,  -112.9,   45.10
SD,20,26,02,04,16,22,57,   23.00,   22.11, 1026.54,  -112.2,   45.08
SD,20,26,02,04,16,32,57,   23.00,   22.10, 1026.48,  -111.6,   45.00
SD,20,26,02,04,16,42,57,   22.50,   21.93, 1026.62,  -112.8,   44.66
SD,20,26,02,04,16,52,57,   22.50,   21.81, 1026.59,  -112.6,   45.20
SD,20,26,02,04,17,02,57,   22.50,   21.78, 1026.66,  -113.1,   46.19
SD,20,26,02,04,17,12,57,   22.75,   21.84, 1026.70,  -113.5,   46.36
SD,20,26,02,04,17,22,57,   22.75,   21.98, 1026.63,  -112.9,   46.15
SD,20,26,02,04,17,32,57,   22.75,   22.01, 1026.70,  -113.4,   46.19
SD,20,26,02,04,17,42,57,   22.75,   22.10, 1026.58,  -112.4,   46.05
SD,20,26,02,04,17,52,57,   22.75,   21.98, 1026.42,  -111.2,   45.88
SD,20,26,02,04,18,02,57,   22.75,   22.00, 1026.46,  -111.5,   46.19
SD,20,26,02,04,18,12,57,   22.75,   22.04, 1026.44,  -111.3,   46.24
SD,20,26,02,04,18,22,57,   22.75,   22.08, 1026.31,  -110.2,   46.16
SD,20,26,02,04,18,32,57,   22.75,   22.11, 1026.26,  -109.8,   45.94
SD,20,26,02,04,18,42,57,   22.75,   22.13, 1026.34,  -110.5,   45.92
SD,20,26,02,04,18,52,57,   22.75,   22.16, 1026.36,  -110.7,   45.97
SD,20,26,02,04,19,02,57,   22.75,   22.27, 1026.38,  -110.8,   45.48
SD,20,26,02,04,19,12,57,   22.75,   22.26, 1026.63,  -112.9,   45.58
SD,20,26,02,04,19,22,57,   23.00,   22.51, 1026.61,  -112.8,   44.29
SD,20,26,02,04,19,32,57,   23.00,   22.47, 1026.49,  -111.7,   44.10
SD,20,26,02,04,19,42,57,   23.00,   22.30, 1026.34,  -110.5,   45.10
SD,20,26,02,04,19,52,57,   23.00,   22.39, 1026.37,  -110.7,   45.74
SD,20,26,02,04,20,02,57,   23.00,   22.50, 1026.42,  -111.2,   45.29
SD,20,26,02,04,20,12,57,   23.25,   22.56, 1026.34,  -110.5,   45.32
SD,20,26,02,04,20,22,57,   23.25,   22.60, 1026.43,  -111.3,   45.11
SD,20,26,02,04,20,32,57,   23.25,   22.61, 1026.40,  -111.0,   44.72
SD,20,26,02,04,20,42,57,   23.25,   22.66, 1026.33,  -110.4,   45.07
SD,20,26,02,04,20,52,57,   23.50,   22.76, 1026.30,  -110.2,   44.73
SD,20,26,02,04,21,02,57,   23.75,   22.85, 1026.38,  -110.8,   44.72
SD,20,26,02,04,21,12,57,   23.75,   22.96, 1026.50,  -111.9,   44.56
SD,20,26,02,04,21,31,22,   24.00,   23.08, 1026.36,  -110.7,   44.18
SD,20,26,02,04,21,41,22,   24.00,   23.13, 1026.60,  -112.7,   44.16
SD,20,26,02,04,21,51,22,   24.00,   23.11, 1026.63,  -112.9,   43.99
SD,20,26,02,04,22,01,22,   23.75,   23.05, 1026.61,  -112.7,   44.29
SD,20,26,02,04,22,11,22,   23.75,   23.10, 1026.71,  -113.6,   44.22
SD,20,26,02,04,22,21,22,   23.75,   23.13, 1026.65,  -113.1,   44.14
SD,20,26,02,04,22,31,22,   24.00,   23.18, 1026.72,  -113.6,   44.02
SD,20,26,02,04,22,41,22,   24.00,   23.19, 1026.57,  -112.4,   43.96
SD,20,26,02,04,22,51,22,   24.00,   23.18, 1026.63,  -112.9,   43.96
SD,20,26,02,04,23,01,22,   24.00,   23.12, 1026.49,  -111.8,   44.00
SD,20,26,02,04,23,11,22,   24.00,   23.08, 1026.52,  -112.0,   43.94
SD,20,26,02,04,23,21,22,   23.50,   22.93, 1026.60,  -112.6,   43.79
SD,20,26,02,04,23,31,22,   23.50,   22.83, 1026.73,  -113.7,   43.80
SD,20,26,02,04,23,41,22,   23.50,   22.71, 1026.57,  -112.4,   43.86
SD,20,26,02,04,23,51,22,   23.25,   22.63, 1026.59,  -112.6,   43.88
SD,20,26,02,05,00,01,22,   23.25,   22.53, 1026.45,  -111.4,   43.88
SD,20,26,02,05,00,11,22,   23.25,   22.49, 1026.33,  -110.4,   43.81
SD,20,26,02,05,00,21,22,   23.25,   22.44, 1026.23,  -109.6,   43.83
SD,20,26,02,05,00,31,22,   23.00,   22.37, 1026.25,  -109.8,   43.91
SD,20,26,02,05,00,41,22,   23.00,   22.32, 1026.27,  -109.9,   43.83
SD,20,26,02,05,00,51,22,   23.00,   22.26, 1026.21,  -109.4,   43.84
SD,20,26,02,05,01,01,22,   23.00,   22.23, 1026.16,  -109.0,   43.83
SD,20,26,02,05,01,11,22,   23.00,   22.20, 1026.26,  -109.9,   43.68
SD,20,26,02,05,01,21,22,   22.75,   22.13, 1026.25,  -109.8,   43.71
SD,20,26,02,05,01,31,22,   22.75,   22.11, 1026.18,  -109.2,   43.67
SD,20,26,02,05,01,41,22,   22.75,   22.07, 1026.03,  -108.0,   43.67
SD,20,26,02,05,01,51,22,   22.75,   22.03, 1025.95,  -107.3,   43.69
SD,20,26,02,05,02,01,22,   22.75,   21.97, 1025.88,  -106.8,   43.64
SD,20,26,02,05,02,11,22,   22.75,   21.96, 1025.89,  -106.8,   43.60
SD,20,26,02,05,02,21,22,   22.75,   21.92, 1025.83,  -106.3,   43.58
SD,20,26,02,05,02,31,22,   22.75,   21.89, 1025.71,  -105.3,   43.54
SD,20,26,02,05,02,41,22,   22.50,   21.83, 1025.68,  -105.1,   43.61
SD,20,26,02,05,02,51,22,   22.75,   21.81, 1025.73,  -105.5,   43.50
SD,20,26,02,05,03,01,22,   22.50,   21.78, 1025.67,  -105.0,   43.47
SD,20,26,02,05,03,11,22,   22.50,   21.74, 1025.69,  -105.2,   43.48
SD,20,26,02,05,03,21,22,   22.50,   21.71, 1025.59,  -104.4,   43.44
SD,20,26,02,05,03,31,22,   22.25,   21.67, 1025.53,  -103.8,   43.45
SD,20,26,02,05,03,41,22,   22.25,   21.65, 1025.43,  -103.0,   43.39
SD,20,26,02,05,03,51,22,   22.25,   21.62, 1025.28,  -101.8,   43.35
SD,20,26,02,05,04,01,22,   22.25,   21.59, 1025.15,  -100.7,   43.35
SD,20,26,02,05,04,11,22,   22.25,   21.55, 1025.09,  -100.2,   43.30
SD,20,26,02,05,04,21,22,   22.25,   21.50, 1025.03,   -99.7,   43.32
SD,20,26,02,05,04,31,22,   22.25,   21.48, 1024.88,   -98.5,   43.26
SD,20,26,02,05,04,41,22,   22.25,   21.45, 1024.80,   -97.8,   43.25
SD,20,26,02,05,04,51,22,   22.00,   21.44, 1024.69,   -96.9,   43.22
SD,20,26,02,05,05,01,22,   22.00,   21.39, 1024.54,   -95.6,   43.18
SD,20,26,02,05,05,11,22,   22.00,   21.37, 1024.43,   -94.8,   43.19
SD,20,26,02,05,05,21,22,   22.00,   21.32, 1024.31,   -93.7,   43.22
SD,20,26,02,05,05,31,22,   22.00,   21.30, 1024.23,   -93.1,   43.15
SD,20,26,02,05,05,41,22,   22.00,   21.28, 1024.21,   -93.0,   43.11
SD,20,26,02,05,05,51,22,   22.00,   21.25, 1024.24,   -93.2,   43.07
SD,20,26,02,05,06,01,22,   22.00,   21.22, 1024.12,   -92.2,   43.09
SD,20,26,02,05,06,11,22,   22.00,   21.21, 1024.17,   -92.6,   43.04
SD,20,26,02,05,06,21,22,   22.00,   21.16, 1023.97,   -91.0,   43.03
SD,20,26,02,05,06,31,22,   21.75,   21.14, 1023.65,   -88.3,   42.95
SD,20,26,02,05,06,41,22,   21.75,   21.13, 1023.44,   -86.6,   42.95
SD,20,26,02,05,06,51,22,   21.75,   21.11, 1023.50,   -87.0,   42.95
SD,20,26,02,05,07,01,22,   21.75,   21.07, 1023.56,   -87.5,   42.95
SD,20,26,02,05,07,11,22,   21.75,   21.07, 1023.53,   -87.3,   42.89
SD,20,26,02,05,07,21,22,   21.75,   21.03, 1023.51,   -87.1,   42.91
SD,20,26,02,05,07,31,22,   21.75,   21.01, 1023.52,   -87.3,   42.84
SD,20,26,02,05,07,41,22,   21.75,   20.98, 1023.43,   -86.5,   42.85
SD,20,26,02,05,07,51,22,   21.75,   20.98, 1023.47,   -86.8,   42.83
SD,20,26,02,05,08,01,22,   21.75,   20.95, 1023.16,   -84.3,   42.77
SD,20,26,02,05,08,11,22,   21.75,   20.93, 1023.13,   -84.0,   42.74
SD,20,26,02,05,08,21,22,   21.75,   20.93, 1023.03,   -83.2,   42.71
SD,20,26,02,05,08,31,22,   21.75,   20.91, 1022.99,   -82.9,   42.63
SD,20,26,02,05,08,41,22,   21.75,   20.94, 1022.89,   -82.0,   42.51
SD,20,26,02,05,08,51,22,   21.75,   21.00, 1022.99,   -82.9,   42.49
SD,20,26,02,05,09,01,22,   22.00,   21.01, 1022.93,   -82.3,   43.13
SD,20,26,02,05,09,11,22,   22.25,   21.09, 1023.00,   -83.0,   43.42
SD,20,26,02,05,09,21,22,   22.25,   21.26, 1022.96,   -82.6,   43.31
SD,20,26,02,05,09,31,22,   22.25,   21.29, 1022.97,   -82.7,   43.49
SD,20,26,02,05,09,41,22,   22.50,   21.48, 1022.91,   -82.2,   43.26
SD,20,26,02,05,09,51,22,   22.50,   21.50, 1022.98,   -82.8,   43.38
SD,20,26,02,05,10,01,22,   22.75,   21.70, 1022.91,   -82.2,   43.08
SD,20,26,02,05,10,11,22,   22.75,   21.69, 1023.00,   -83.0,   43.26
SD,20,26,02,05,10,21,22,   22.75,   21.73, 1023.08,   -83.6,   43.29
SD,20,26,02,05,10,31,22,   22.75,   21.79, 1023.04,   -83.3,   43.20
SD,20,26,02,05,10,41,22,   23.00,   21.84, 1022.98,   -82.8,   43.16
SD,20,26,02,05,10,51,22,   23.00,   21.92, 1022.90,   -82.2,   43.09
SD,20,26,02,05,11,01,22,   23.00,   21.95, 1022.83,   -81.6,   43.10
SD,20,26,02,05,11,11,22,   23.00,   22.05, 1022.67,   -80.2,   42.94
SD,20,26,02,05,11,21,22,   23.00,   22.07, 1022.55,   -79.2,   42.94
SD,20,26,02,05,11,31,22,   23.00,   22.11, 1022.45,   -78.4,   43.00
SD,20,26,02,05,11,41,22,   23.00,   22.19, 1022.41,   -78.1,   42.93
SD,20,26,02,05,11,51,22,   23.00,   22.22, 1022.31,   -77.3,   42.62
SD,20,26,02,05,12,01,22,   22.75,   22.16, 1022.21,   -76.5,   42.42
SD,20,26,02,05,12,11,22,   22.75,   22.10, 1021.79,   -73.0,   42.32
SD,20,26,02,05,12,21,22,   22.75,   22.13, 1021.63,   -71.7,   42.10
SD,20,26,02,05,12,31,22,   22.75,   22.26, 1021.43,   -70.0,   41.90
SD,20,26,02,05,12,41,22,   22.75,   22.15, 1021.27,   -68.6,   42.02
SD,20,26,02,05,12,51,22,   22.50,   22.03, 1021.19,   -68.0,   42.27
SD,20,26,02,05,13,01,22,   22.75,   21.98, 1021.03,   -66.6,   42.38
SD,20,26,02,05,13,11,22,   22.50,   21.82, 1020.93,   -65.9,   42.65
SD,20,26,02,05,13,21,22,   22.50,   21.93, 1020.80,   -64.7,   42.65
SD,20,26,02,05,13,31,22,   22.50,   21.85, 1020.62,   -63.3,   42.76
SD,20,26,02,05,13,41,22,   22.50,   21.78, 1020.41,   -61.5,   42.90
SD,20,26,02,05,13,51,22,   22.50,   21.82, 1020.43,   -61.7,   42.91
SD,20,26,02,05,14,01,22,   22.50,   21.81, 1020.15,   -59.4,   42.85
SD,20,26,02,05,14,11,22,   22.50,   21.90, 1019.99,   -58.1,   42.78
SD,20,26,02,05,14,21,22,   22.50,   21.78, 1019.97,   -57.9,   42.91
SD,20,26,02,05,14,31,22,   22.50,   21.77, 1019.80,   -56.5,   42.95
SD,20,26,02,05,14,41,22,   22.50,   21.87, 1019.60,   -54.8,   42.86
SD,20,26,02,05,14,51,22,   22.50,   21.79, 1019.44,   -53.5,   42.95
SD,20,26,02,05,15,01,22,   22.25,   21.68, 1019.28,   -52.2,   43.01
SD,20,26,02,05,15,11,22,   22.00,   21.47, 1019.08,   -50.5,   41.96
SD,20,26,02,05,15,21,22,   21.50,   21.27, 1018.85,   -48.6,   42.43
SD,20,26,02,05,15,31,22,   21.25,   21.04, 1018.60,   -46.6,   41.83
SD,20,26,02,05,15,41,22,   21.25,   21.05, 1018.35,   -44.5,   43.91
SD,20,26,02,05,15,51,22,   21.25,   21.11, 1018.37,   -44.6,   43.02
SD,20,26,02,05,16,01,22,   21.25,   21.04, 1018.53,   -46.0,   43.68
SD,20,26,02,05,16,11,22,   21.50,   21.18, 1018.34,   -44.4,   42.01
SD,20,26,02,05,16,21,22,   21.50,   21.32, 1018.29,   -43.9,   41.89
SD,20,26,02,05,16,31,22,   21.25,   20.94, 1018.31,   -44.1,   43.02
SD,20,26,02,05,16,41,22,   21.50,   21.29, 1018.04,   -41.9,   43.50
SD,20,26,02,05,16,51,22,   22.00,   21.46, 1017.88,   -40.6,   42.37
SD,20,26,02,05,17,01,22,   22.00,   21.53, 1018.02,   -41.7,   43.12
SD,20,26,02,05,17,11,22,   22.25,   21.66, 1017.78,   -39.7,   43.26
SD,20,26,02,05,17,21,22,   22.25,   21.83, 1017.89,   -40.7,   43.41
SD,20,26,02,05,17,31,22,   22.50,   21.98, 1017.85,   -40.3,   43.58
SD,20,26,02,05,17,41,22,   22.50,   22.07, 1017.82,   -40.1,   42.66
SD,20,26,02,05,17,51,22,   22.50,   22.08, 1017.89,   -40.7,   42.88
SD,20,26,02,05,18,01,22,   22.50,   22.08, 1017.97,   -41.3,   43.07
SD,20,26,02,05,18,11,22,   22.50,   22.09, 1017.94,   -41.1,   44.10
SD,20,26,02,05,18,21,22,   22.75,   22.18, 1018.00,   -41.6,   44.20
SD,20,26,02,05,18,31,22,   22.75,   22.20, 1018.00,   -41.5,   43.77
SD,20,26,02,05,18,41,22,   22.75,   22.16, 1018.39,   -44.8,   44.01
SD,20,26,02,05,18,51,22,   22.75,   22.16, 1018.39,   -44.8,   44.18
SD,20,26,02,05,19,01,22,   23.00,   22.27, 1018.40,   -44.9,   44.10
SD,20,26,02,05,19,11,22,   23.00,   22.29, 1018.43,   -45.1,   43.69
SD,20,26,02,05,19,21,22,   23.00,   22.27, 1018.55,   -46.1,   43.49
SD,20,26,02,05,19,31,22,   23.00,   22.26, 1018.60,   -46.5,   43.72
SD,20,26,02,05,19,41,22,   22.75,   22.29, 1018.63,   -47.1,   43.95
SD,20,26,02,05,19,51,22,   23.00,   22.37, 1018.47,   -45.5,   44.19
SD,20,26,02,05,20,01,22,   23.25,   22.45, 1018.61,   -46.6,   44.43
SD,20,26,02,05,20,11,22,   23.25,   22.52, 1018.72,   -47.5,   44.16
SD,20,26,02,05,20,21,22,   23.25,   22.58, 1018.88,   -48.9,   43.73
SD,20,26,02,05,20,31,22,   23.50,   22.60, 1018.98,   -49.7,   43.60
SD,20,26,02,05,20,41,22,   23.25,   22.68, 1018.97,   -49.6,   43.47
SD,20,26,02,05,20,51,22,   23.50,   22.78, 1018.74,   -47.7,   43.24
SD,20,26,02,05,21,01,22,   23.50,   22.84, 1018.62,   -46.7,   43.09
SD,20,26,02,05,21,11,22,   23.75,   22.89, 1018.55,   -46.2,   43.11
SD,20,26,02,05,21,21,22,   23.75,   22.98, 1018.39,   -44.8,   42.86
SD,20,26,02,05,21,31,22,   23.75,   23.01, 1018.37,   -44.6,   42.88
SD,20,26,02,05,21,41,22,   23.50,   22.96, 1018.57,   -46.3,   43.04
SD,20,26,02,05,21,51,22,   23.75,   22.94, 1018.47,   -45.5,   43.04
SD,20,26,02,05,22,01,22,   23.50,   22.93, 1018.63,   -46.8,   43.12
SD,20,26,02,05,22,11,22,   23.50,   22.92, 1018.87,   -48.7,   43.19
SD,20,26,02,05,22,21,22,   23.25,   22.75, 1019.18,   -51.3,   42.40
SD,20,26,02,05,22,31,22,   23.00,   22.53, 1019.42,   -53.3,   43.16
SD,20,26,02,05,22,41,22,   23.00,   22.49, 1019.38,   -53.0,   43.22
SD,20,26,02,05,22,51,22,   23.00,   22.49, 1019.40,   -53.2,   43.12
SD,20,26,02,05,23,01,22,   23.00,   22.51, 1019.41,   -53.2,   43.11
SD,20,26,02,05,23,11,22,   23.00,   22.56, 1019.44,   -53.5,   42.93
SD,20,26,02,05,23,21,22,   23.00,   22.54, 1019.27,   -52.1,   42.85
SD,20,26,02,05,23,31,22,   23.00,   22.56, 1019.44,   -53.5,   42.82
SD,20,26,02,05,23,41,22,   23.00,   22.52, 1019.50,   -54.0,   42.82
SD,20,26,02,05,23,51,22,   23.00,   22.47, 1019.42,   -53.4,   42.31
SD,20,26,02,06,00,01,22,   23.00,   22.39, 1019.35,   -52.8,   42.32
SD,20,26,02,06,00,11,22,   23.00,   22.31, 1019.22,   -51.7,   42.35
SD,20,26,02,06,00,21,22,   23.00,   22.22, 1019.60,   -54.8,   42.52
SD,20,26,02,06,00,31,22,   22.75,   22.15, 1019.46,   -53.7,   42.58
SD,20,26,02,06,00,41,22,   22.75,   22.06, 1019.49,   -53.9,   42.55
SD,20,26,02,06,00,51,22,   22.75,   22.01, 1019.50,   -54.0,   42.60
SD,20,26,02,06,01,01,22,   22.75,   21.94, 1019.70,   -55.7,   42.64
SD,20,26,02,06,01,11,22,   22.50,   21.88, 1019.81,   -56.6,   42.64
SD,20,26,02,06,01,21,22,   22.50,   21.82, 1019.66,   -55.3,   42.63
SD,20,26,02,06,01,31,22,   22.50,   21.78, 1019.46,   -53.6,   42.62
SD,20,26,02,06,01,41,22,   22.50,   21.74, 1019.45,   -53.6,   42.64
SD,20,26,02,06,01,51,22,   22.50,   21.69, 1019.58,   -54.6,   42.65
SD,20,26,02,06,02,01,22,   22.25,   21.65, 1019.70,   -55.7,   42.62
SD,20,26,02,06,02,11,22,   22.25,   21.60, 1019.78,   -56.3,   42.62
SD,20,26,02,06,02,21,22,   22.25,   21.58, 1019.73,   -55.9,   42.54
SD,20,26,02,06,02,31,22,   22.25,   21.53, 1019.62,   -55.0,   42.55
SD,20,26,02,06,02,41,22,   22.25,   21.49, 1019.46,   -53.7,   42.58
SD,20,26,02,06,02,51,22,   22.25,   21.45, 1019.37,   -52.9,   42.62
SD,20,26,02,06,03,01,22,   22.00,   21.42, 1019.39,   -53.1,   42.58
SD,20,26,02,06,03,11,22,   22.00,   21.37, 1019.44,   -53.5,   42.63
SD,20,26,02,06,03,21,22,   22.00,   21.36, 1019.20,   -51.5,   42.57
SD,20,26,02,06,03,31,22,   22.00,   21.32, 1019.32,   -52.5,   42.53
SD,20,26,02,06,03,41,22,   22.00,   21.29, 1019.09,   -50.6,   42.54
SD,20,26,02,06,03,51,22,   21.75,   21.26, 1019.03,   -50.1,   42.53
SD,20,26,02,06,04,01,22,   22.00,   21.23, 1018.89,   -49.0,   42.54
SD,20,26,02,06,04,11,22,   22.00,   21.19, 1018.67,   -47.0,   42.48
SD,20,26,02,06,04,21,22,   22.00,   21.15, 1018.66,   -47.0,   42.48
SD,20,26,02,06,04,31,22,   21.75,   21.12, 1018.64,   -46.8,   42.47
SD,20,26,02,06,04,41,22,   21.75,   21.11, 1018.92,   -49.2,   42.49
SD,20,26,02,06,04,51,22,   21.75,   21.07, 1018.80,   -48.2,   42.43
SD,20,26,02,06,05,01,22,   21.75,   21.05, 1018.88,   -48.9,   42.40
SD,20,26,02,06,05,11,22,   21.75,   21.03, 1019.14,   -51.0,   42.37
SD,20,26,02,06,05,21,22,   21.75,   21.00, 1019.08,   -50.5,   42.45
SD,20,26,02,06,05,31,22,   21.75,   20.97, 1018.99,   -49.8,   42.24
SD,20,26,02,06,05,41,22,   21.75,   20.93, 1019.12,   -50.8,   42.31
SD,20,26,02,06,05,51,22,   21.75,   20.90, 1019.03,   -50.1,   42.30
SD,20,26,02,06,06,01,22,   21.50,   20.87, 1018.75,   -47.8,   42.27
SD,20,26,02,06,06,11,22,   21.50,   20.83, 1018.68,   -47.2,   42.32
SD,20,26,02,06,06,21,22,   21.50,   20.80, 1018.66,   -47.0,   42.27
SD,20,26,02,06,06,31,22,   21.50,   20.77, 1018.61,   -46.6,   42.20
SD,20,26,02,06,06,41,22,   21.50,   20.74, 1018.72,   -47.6,   42.23
SD,20,26,02,06,06,51,22,   21.50,   20.70, 1018.51,   -45.8,   42.19
SD,20,26,02,06,07,01,22,   21.25,   20.67, 1018.62,   -46.7,   42.15
SD,20,26,02,06,07,11,22,   21.25,   20.63, 1018.56,   -46.2,   42.17
SD,20,26,02,06,07,21,22,   21.25,   20.62, 1018.70,   -47.4,   42.12
SD,20,26,02,06,07,31,22,   21.25,   20.60, 1018.63,   -46.8,   42.06
SD,20,26,02,06,07,41,22,   21.25,   20.57, 1018.58,   -46.4,   42.04
SD,20,26,02,06,07,51,22,   21.25,   20.57, 1018.78,   -48.1,   41.97
SD,20,26,02,06,08,01,22,   21.25,   20.55, 1018.94,   -49.3,   41.94
SD,20,26,02,06,08,11,22,   21.25,   20.54, 1018.94,   -49.4,   41.79
SD,20,26,02,06,08,21,22,   21.25,   20.61, 1019.04,   -50.2,   41.69
SD,20,26,02,06,08,31,22,   21.50,   20.69, 1019.04,   -50.2,   41.84
SD,20,26,02,06,08,41,22,   21.50,   20.74, 1019.06,   -50.3,   42.35
SD,20,26,02,06,08,51,22,   21.75,   20.85, 1019.34,   -52.7,   42.35
SD,20,26,02,06,09,01,22,   21.75,   20.87, 1019.52,   -54.2,   42.63
SD,20,26,02,06,09,11,22,   22.00,   21.08, 1019.77,   -56.2,   42.32
SD,20,26,02,06,09,21,22,   22.00,   21.07, 1019.82,   -56.7,   42.62
SD,20,26,02,06,09,31,22,   22.00,   21.17, 1019.92,   -57.5,   42.61
SD,20,26,02,06,09,41,22,   22.25,   21.31, 1019.96,   -57.8,   42.38
SD,20,26,02,06,09,51,22,   22.25,   21.33, 1019.88,   -57.2,   42.58
SD,20,26,02,06,10,01,22,   22.25,   21.45, 1019.82,   -56.6,   42.27
SD,20,26,02,06,10,11,22,   22.25,   21.49, 1019.82,   -56.7,   42.45
SD,20,26,02,06,10,21,22,   22.50,   21.65, 1020.05,   -58.5,   42.44
SD,20,26,02,06,10,31,22,   22.50,   21.73, 1020.10,   -59.0,   42.57
SD,20,26,02,06,10,41,22,   22.50,   21.71, 1020.21,   -59.9,   42.33
SD,20,26,02,06,10,51,22,   22.75,   21.72, 1020.10,   -58.9,   42.34
SD,20,26,02,06,11,01,22,   22.75,   21.82, 1020.04,   -58.5,   42.09
SD,20,26,02,06,11,11,22,   22.50,   21.71, 1019.82,   -56.6,   41.83
SD,20,26,02,06,11,21,22,   22.75,   21.83, 1019.58,   -54.7,   41.94
SD,20,26,02,06,11,31,22,   22.75,   21.84, 1019.69,   -55.6,   41.68
SD,20,26,02,06,11,41,22,   22.75,   21.84, 1019.65,   -55.2,   41.96
SD,20,26,02,06,11,51,22,   22.75,   21.87, 1019.59,   -54.8,   42.10
SD,20,26,02,06,12,01,22,   22.75,   21.93, 1019.68,   -55.5,   42.06
SD,20,26,02,06,12,11,22,   22.75,   21.93, 1019.59,   -54.7,   42.13
SD,20,26,02,06,12,21,22,   22.75,   21.96, 1019.60,   -54.8,   42.12
SD,20,26,02,06,12,31,22,   22.75,   21.99, 1019.46,   -53.6,   42.15
SD,20,26,02,06,12,41,22,   22.50,   21.76, 1019.41,   -53.3,   41.97
SD,20,26,02,06,12,51,22,   22.25,   21.68, 1019.32,   -52.5,   42.00
SD,20,26,02,06,13,01,22,   22.50,   21.80, 1019.19,   -51.4,   41.88
SD,20,26,02,06,13,11,22,   22.50,   21.83, 1018.93,   -49.3,   41.74
SD,20,26,02,06,13,21,22,   22.50,   21.81, 1018.71,   -47.5,   41.74
SD,20,26,02,06,13,31,22,   22.50,   21.79, 1018.76,   -47.9,   41.76
SD,20,26,02,06,13,41,22,   22.50,   21.78, 1018.77,   -47.9,   41.81
SD,20,26,02,06,13,51,22,   22.50,   21.74, 1018.56,   -46.2,   41.78
SD,20,26,02,06,14,01,22,   22.50,   21.75, 1018.24,   -43.6,   41.79
SD,20,26,02,06,14,11,22,   22.50,   21.75, 1018.19,   -43.2,   41.79
SD,20,26,02,06,14,21,22,   22.50,   21.72, 1018.16,   -42.9,   41.80
SD,20,26,02,06,14,31,22,   22.50,   21.69, 1018.18,   -43.0,   41.87
SD,20,26,02,06,14,41,22,   22.50,   21.68, 1018.13,   -42.6,   41.74
SD,20,26,02,06,14,44,27,   22.50,   21.71, 1018.09,   -42.3,   41.78
SD,20,26,02,06,15,08,04,   22.75,   21.93, 1017.97,   -41.3,   42.26
SD,20,26,02,06,15,19,46,   22.75,   21.88, 1018.06,   -42.1,   42.50
SD,20,26,02,06,16,01,54,   22.75,   22.14, 1018.16,   -42.9,   42.42
SD,20,26,02,06,16,35,25,   22.50,   22.13, 1018.27,   -43.8,   42.64
SD,20,26,02,06,16,50,58,   22.50,   22.13, 1018.38,   -44.7,   42.63
SD,20,26,02,06,18,28,33,   22.75,   22.13, 1018.73,   -47.6,   42.20
SD,20,26,02,06,19,02,03,   23.00,   22.36, 1018.64,   -46.9,   42.37
SD,20,26,02,06,19,12,05,   23.25,   22.45, 1018.62,   -46.7,   42.31
SD,20,26,02,06,19,31,20,   23.25,   22.47, 1018.44,   -45.2,   42.14
SD,20,26,02,06,19,41,21,   23.25,   22.48, 1018.66,   -47.0,   42.13
SD,20,26,02,06,20,01,20,   23.00,   22.39, 1019.01,   -50.0,   42.06
SD,20,26,02,06,20,08,50,   23.00,   22.36, 1018.76,   -47.9,   42.13
SD,20,26,02,06,20,18,51,   23.25,   22.45, 1018.72,   -47.5,   42.20
SD,20,26,02,06,20,28,51,   23.25,   22.50, 1018.68,   -47.2,   42.09
SD,20,26,02,06,20,38,51,   23.25,   22.56, 1018.68,   -47.2,   42.00
SD,20,26,02,06,20,48,51,   23.25,   22.55, 1018.82,   -48.4,   41.87
SD,20,26,02,06,20,58,50,   23.50,   22.61, 1018.77,   -47.9,   41.99
SD,20,26,02,06,21,08,50,   23.75,   22.60, 1018.84,   -48.5,   42.46
SD,20,26,02,06,21,18,50,   23.75,   22.60, 1019.01,   -50.0,   42.30
SD,20,26,02,06,21,28,50,   23.50,   22.58, 1019.00,   -49.9,   42.44
SD,20,26,02,06,21,38,50,   23.50,   22.56, 1019.06,   -50.3,   42.29
SD,20,26,02,06,21,40,45,   23.50,   22.54, 1019.07,   -50.4,   42.33
SD,20,26,02,06,21,50,46,   23.50,   22.54, 1019.02,   -50.0,   42.33
SD,20,26,02,06,22,00,46,   23.50,   22.59, 1018.82,   -48.3,   42.20
SD,20,26,02,06,22,10,46,   23.50,   22.60, 1018.54,   -46.0,   42.03
SD,20,26,02,06,22,20,46,   23.75,   22.66, 1018.34,   -44.4,   41.90
SD,20,26,02,06,22,30,45,   23.50,   22.61, 1018.26,   -43.7,   42.10
SD,20,26,02,06,22,40,45,   23.25,   22.56, 1018.30,   -44.1,   42.07
SD,20,26,02,06,22,50,45,   23.25,   22.56, 1018.49,   -45.6,   42.00
SD,20,26,02,06,23,00,45,   23.25,   22.57, 1018.84,   -48.5,   42.03
SD,20,26,02,06,23,10,45,   23.00,   22.54, 1018.66,   -47.0,   42.06
SD,20,26,02,06,23,20,45,   23.00,   22.46, 1018.59,   -46.5,   42.13
SD,20,26,02,06,23,30,45,   23.00,   22.41, 1018.82,   -48.3,   42.00
SD,20,26,02,06,23,40,45,   23.00,   22.37, 1018.99,   -49.8,   41.77
SD,20,26,02,06,23,50,45,   23.00,   22.37, 1019.20,   -51.5,   41.73
SD,20,26,02,07,00,00,45,   23.00,   22.31, 1019.16,   -51.2,   41.75
SD,20,26,02,07,00,10,45,   23.00,   22.25, 1019.00,   -49.9,   41.84
SD,20,26,02,07,00,20,45,   23.00,   22.21, 1019.03,   -50.1,   41.87
SD,20,26,02,07,00,30,45,   22.75,   22.14, 1018.98,   -49.7,   41.94
SD,20,26,02,07,00,40,45,   22.75,   22.09, 1018.84,   -48.5,   41.98
SD,20,26,02,07,00,50,45,   22.75,   22.03, 1018.76,   -47.8,   42.02
SD,20,26,02,07,01,00,45,   22.75,   21.99, 1018.62,   -46.7,   42.06
SD,20,26,02,07,01,10,45,   22.75,   21.95, 1018.63,   -46.8,   42.09
SD,20,26,02,07,01,20,45,   22.75,   21.91, 1018.47,   -45.4,   42.10
SD,20,26,02,07,01,30,45,   22.50,   21.88, 1018.58,   -46.3,   42.13
SD,20,26,02,07,01,40,45,   22.50,   21.84, 1018.56,   -46.2,   42.14
SD,20,26,02,07,01,50,45,   22.50,   21.80, 1018.33,   -44.3,   42.14
SD,20,26,02,07,02,00,45,   22.50,   21.79, 1018.38,   -44.7,   42.11
SD,20,26,02,07,02,10,45,   22.50,   21.76, 1018.41,   -45.0,   42.13
SD,20,26,02,07,02,20,45,   22.50,   21.74, 1018.45,   -45.3,   42.19
SD,20,26,02,07,02,30,45,   22.50,   21.71, 1018.40,   -44.9,   42.20
SD,20,26,02,07,02,40,45,   22.25,   21.70, 1018.33,   -44.3,   42.20
SD,20,26,02,07,02,50,45,   22.50,   21.67, 1018.25,   -43.6,   42.20
SD,20,26,02,07,03,00,45,   22.25,   21.66, 1017.96,   -41.2,   42.20
SD,20,26,02,07,03,10,45,   22.50,   21.64, 1018.13,   -42.7,   42.20
SD,20,26,02,07,03,20,45,   22.25,   21.62, 1018.06,   -42.0,   42.18
SD,20,26,02,07,03,30,45,   22.25,   21.59, 1018.12,   -42.5,   42.21
SD,20,26,02,07,03,40,45,   22.50,   21.58, 1017.96,   -41.2,   42.18
SD,20,26,02,07,03,50,45,   22.25,   21.56, 1017.84,   -40.3,   42.21
SD,20,26,02,07,04,00,45,   22.25,   21.56, 1017.87,   -40.5,   42.16
SD,20,26,02,07,04,10,45,   22.25,   21.53, 1017.78,   -39.7,   42.18
SD,20,26,02,07,04,20,45,   22.25,   21.52, 1017.68,   -38.9,   42.18
SD,20,26,02,07,04,30,45,   22.25,   21.50, 1017.65,   -38.6,   42.15
SD,20,26,02,07,04,40,45,   22.25,   21.48, 1017.88,   -40.6,   42.15
SD,20,26,02,07,04,50,45,   22.25,   21.47, 1017.89,   -40.6,   42.16
SD,20,26,02,07,05,00,45,   22.25,   21.47, 1017.79,   -39.8,   42.11
SD,20,26,02,07,05,10,45,   22.25,   21.45, 1017.78,   -39.7,   42.12
SD,20,26,02,07,05,20,45,   22.25,   21.44, 1017.71,   -39.1,   42.09
SD,20,26,02,07,05,30,45,   22.25,   21.41, 1017.62,   -38.4,   42.11
SD,20,26,02,07,05,40,45,   22.00,   21.39, 1017.45,   -37.0,   42.12
SD,20,26,02,07,05,50,45,   22.00,   21.38, 1017.40,   -36.5,   42.10
SD,20,26,02,07,06,00,45,   22.00,   21.38, 1017.36,   -36.3,   42.05
SD,20,26,02,07,06,10,45,   22.25,   21.36, 1017.36,   -36.3,   42.08
SD,20,26,02,07,06,20,45,   22.00,   21.35, 1017.38,   -36.4,   41.99
SD,20,26,02,07,06,30,45,   22.00,   21.34, 1017.40,   -36.6,   42.06
SD,20,26,02,07,06,40,45,   22.00,   21.33, 1017.23,   -35.2,   42.07
SD,20,26,02,07,06,50,45,   22.00,   21.31, 1017.27,   -35.5,   42.04
SD,20,26,02,07,07,00,45,   22.00,   21.31, 1017.28,   -35.6,   42.04
SD,20,26,02,07,07,10,45,   22.00,   21.29, 1017.22,   -35.1,   42.02
SD,20,26,02,07,07,20,45,   22.00,   21.27, 1017.14,   -34.4,   42.04
SD,20,26,02,07,07,30,45,   22.00,   21.26, 1016.89,   -32.4,   41.98
SD,20,26,02,07,07,40,45,   22.00,   21.25, 1017.05,   -33.6,   42.00
SD,20,26,02,07,07,50,45,   22.00,   21.24, 1017.14,   -34.4,   41.99
SD,20,26,02,07,08,00,45,   22.00,   21.26, 1017.20,   -34.9,   41.94
SD,20,26,02,07,08,10,45,   22.00,   21.23, 1017.09,   -34.0,   41.94
SD,20,26,02,07,08,20,45,   22.00,   21.21, 1016.95,   -32.8,   41.98
SD,20,26,02,07,08,30,45,   22.00,   21.22, 1016.99,   -33.2,   41.96
SD,20,26,02,07,08,40,45,   22.00,   21.22, 1016.82,   -31.8,   41.91
SD,20,26,02,07,08,50,45,   22.00,   21.29, 1016.86,   -32.1,   41.82
SD,20,26,02,07,09,00,45,   22.25,   21.29, 1016.70,   -30.7,   42.36
SD,20,26,02,07,09,10,45,   22.50,   21.47, 1016.64,   -30.3,   42.54
SD,20,26,02,07,09,20,45,   22.50,   22.24, 1016.58,   -29.8,   41.17
SD,20,26,02,07,09,30,45,   22.75,   22.02, 1016.39,   -28.2,   41.85
SD,20,26,02,07,09,40,45,   23.00,   22.06, 1016.47,   -28.9,   42.03
SD,20,26,02,07,09,50,45,   23.00,   22.09, 1016.60,   -29.9,   42.12
SD,20,26,02,07,10,00,45,   23.25,   22.25, 1016.68,   -30.6,   42.02
SD,20,26,02,07,10,10,45,   23.25,   22.31, 1016.68,   -30.6,   41.91
SD,20,26,02,07,10,20,45,   23.25,   22.32, 1016.78,   -31.4,   41.98
SD,20,26,02,07,10,30,45,   23.25,   22.39, 1017.06,   -33.8,   42.01
SD,20,26,02,07,10,40,45,   23.25,   22.36, 1017.03,   -33.5,   42.10
SD,20,26,02,07,10,50,45,   23.25,   22.39, 1017.01,   -33.3,   42.23
SD,20,26,02,07,11,00,45,   23.50,   22.42, 1017.00,   -33.2,   42.22
SD,20,26,02,07,11,10,45,   23.50,   22.46, 1016.59,   -29.8,   42.20
SD,20,26,02,07,11,20,45,   23.00,   22.33, 1016.16,   -26.3,   42.33
SD,20,26,02,07,11,30,45,   23.00,   22.27, 1015.80,   -23.3,   42.06
SD,20,26,02,07,11,40,45,   22.75,   22.10, 1015.66,   -22.1,   42.37
SD,20,26,02,07,11,50,45,   22.75,   22.13, 1015.65,   -22.1,   42.41
SD,20,26,02,07,12,00,45,   23.00,   22.22, 1015.85,   -23.7,   42.58
SD,20,26,02,07,12,10,45,   23.25,   22.31, 1015.97,   -24.7,   42.55
SD,20,26,02,07,12,20,45,   23.25,   22.34, 1016.02,   -25.1,   42.39
SD,20,26,02,07,12,30,45,   23.25,   22.37, 1015.97,   -24.7,   42.45
SD,20,26,02,07,12,40,45,   23.25,   22.37, 1015.63,   -21.9,   42.41
SD,20,26,02,07,12,50,45,   23.25,   22.40, 1015.49,   -20.7,   42.35
SD,20,26,02,07,13,00,45,   23.25,   22.39, 1015.54,   -21.1,   42.42
SD,20,26,02,07,13,10,45,   23.25,   22.39, 1015.35,   -19.5,   42.49
SD,20,26,02,07,13,20,45,   23.25,   22.41, 1015.14,   -17.8,   42.35
SD,20,26,02,07,13,30,45,   23.25,   22.43, 1015.01,   -16.7,   42.29
SD,20,26,02,07,13,40,45,   23.25,   22.40, 1015.14,   -17.8,   42.28
SD,20,26,02,07,13,50,45,   23.25,   22.37, 1015.31,   -19.2,   42.24
SD,20,26,02,07,14,00,45,   23.50,   22.43, 1015.21,   -18.4,   42.40
SD,20,26,02,07,14,10,45,   23.50,   22.46, 1015.10,   -17.5,   42.63
SD,20,26,02,07,14,20,45,   23.50,   22.63, 1015.15,   -17.9,   42.82
SD,20,26,02,07,14,30,45,   23.75,   22.73, 1015.14,   -17.8,   42.50
SD,20,26,02,07,14,40,45,   23.75,   22.88, 1014.86,   -15.5,   42.47
SD,20,26,02,07,14,50,45,   23.75,   22.89, 1014.37,   -11.4,   42.64
SD,20,26,02,07,15,00,45,   23.75,   22.91, 1014.80,   -14.9,   42.85
SD,20,26,02,07,15,10,45,   24.00,   22.93, 1014.84,   -15.3,   42.99
SD,20,26,02,07,15,20,45,   23.75,   22.93, 1015.10,   -17.4,   43.22
SD,20,26,02,07,15,30,45,   23.75,   22.88, 1014.95,   -16.2,   43.26
SD,20,26,02,07,15,40,45,   23.75,   22.90, 1014.95,   -16.2,   43.13
SD,20,26,02,07,15,50,45,   23.75,   22.87, 1015.18,   -18.1,   43.37
SD,20,26,02,07,16,00,45,   23.75,   22.91, 1015.12,   -17.7,   43.92
SD,20,26,02,07,16,10,45,   23.75,   22.89, 1015.00,   -16.6,   43.64
SD,20,26,02,07,16,20,45,   23.75,   23.03, 1014.93,   -16.0,   43.39
SD,20,26,02,07,16,30,45,   24.00,   23.15, 1015.11,   -17.5,   43.43
SD,20,26,02,07,16,40,45,   24.00,   23.09, 1015.27,   -18.9,   43.00
SD,20,26,02,07,16,50,45,   24.00,   23.06, 1015.16,   -18.0,   42.85
SD,20,26,02,07,17,00,45,   24.00,   23.12, 1015.20,   -18.3,   42.77
SD,20,26,02,07,17,10,45,   24.00,   23.17, 1015.20,   -18.3,   42.61
SD,20,26,02,07,17,20,45,   24.25,   23.21, 1015.32,   -19.3,   42.45
SD,20,26,02,07,17,30,45,   24.25,   23.26, 1015.17,   -18.1,   42.33
SD,20,26,02,07,17,40,45,   24.00,   23.25, 1015.35,   -19.6,   42.27
SD,20,26,02,07,17,50,45,   24.00,   23.22, 1015.50,   -20.8,   42.24
SD,20,26,02,07,18,00,45,   24.00,   23.19, 1015.53,   -21.0,   42.31
SD,20,26,02,07,18,10,45,   24.00,   23.11, 1015.68,   -22.3,   42.18
SD,20,26,02,07,18,20,45,   24.00,   23.04, 1015.74,   -22.8,   42.20
SD,20,26,02,07,18,30,45,   24.00,   22.96, 1015.88,   -23.9,   42.25
SD,20,26,02,07,18,40,45,   23.50,   22.65, 1015.66,   -22.1,   43.29
SD,20,26,02,07,18,50,45,   23.25,   22.80, 1015.56,   -21.3,   42.76
SD,20,26,02,07,19,00,45,   23.25,   22.76, 1015.65,   -22.0,   42.63
SD,20,26,02,07,19,10,45,   23.00,   22.70, 1015.83,   -23.5,   42.71
SD,20,26,02,07,19,20,45,   23.00,   22.56, 1016.06,   -25.4,   43.91
SD,20,26,02,07,19,30,45,   22.75,   22.49, 1016.17,   -26.4,   44.03
SD,20,26,02,07,19,40,45,   23.00,   22.45, 1016.51,   -29.2,   44.17
SD,20,26,02,07,19,50,45,   23.00,   22.48, 1016.76,   -31.3,   44.33
SD,20,26,02,07,20,00,45,   23.00,   22.55, 1016.89,   -32.3,   44.05
SD,20,26,02,07,20,10,45,   23.25,   22.64, 1016.83,   -31.8,   43.87
SD,20,26,02,07,20,20,45,   23.25,   22.72, 1016.78,   -31.4,   43.76
SD,20,26,02,07,20,30,45,   23.25,   22.75, 1016.85,   -32.0,   43.70
SD,20,26,02,07,20,40,45,   23.25,   22.86, 1016.90,   -32.5,   43.67
SD,20,26,02,07,20,50,45,   23.50,   22.95, 1017.16,   -34.6,   43.53
SD,20,26,02,07,21,00,45,   23.50,   23.03, 1017.33,   -36.0,   43.22
SD,20,26,02,07,21,10,45,   23.50,   23.10, 1017.58,   -38.1,   42.94
SD,20,26,02,07,21,20,45,   24.00,   23.18, 1017.67,   -38.9,   42.82
SD,20,26,02,07,21,30,45,   24.00,   23.23, 1017.94,   -41.0,   42.66
SD,20,26,02,07,21,40,45,   24.00,   23.28, 1018.06,   -42.0,   42.55
SD,20,26,02,07,21,50,45,   24.00,   23.16, 1018.21,   -43.3,   42.48
SD,20,26,02,07,22,00,45,   24.00,   23.15, 1018.44,   -45.2,   42.59
SD,20,26,02,07,22,10,45,   24.25,   23.21, 1018.77,   -47.9,   42.58
SD,20,26,02,07,22,20,45,   24.00,   23.22, 1019.06,   -50.4,   42.75
SD,20,26,02,07,22,30,45,   24.00,   23.25, 1019.19,   -51.5,   42.77
SD,20,26,02,07,22,40,45,   24.25,   23.31, 1019.44,   -53.5,   42.72
SD,20,26,02,07,22,50,45,   24.25,   23.27, 1019.58,   -54.6,   42.86
SD,20,26,02,07,23,00,45,   24.00,   23.25, 1019.89,   -57.2,   42.97
SD,20,26,02,07,23,10,45,   24.25,   23.21, 1020.05,   -58.5,   43.01
SD,20,26,02,07,23,20,45,   24.00,   23.16, 1020.30,   -60.6,   42.98
SD,20,26,02,07,23,30,45,   23.75,   23.08, 1020.56,   -62.8,   42.71
SD,20,26,02,07,23,40,45,   23.75,   23.02, 1020.79,   -64.7,   42.64
SD,20,26,02,07,23,50,45,   23.75,   22.96, 1020.87,   -65.3,   42.45
SD,20,26,02,08,00,00,45,   23.75,   22.95, 1020.85,   -65.2,   42.35
SD,20,26,02,08,00,10,45,   23.50,   23.06, 1020.91,   -65.7,   42.10
SD,20,26,02,08,00,20,45,   23.50,   23.01, 1021.06,   -66.9,   42.10
SD,20,26,02,08,00,30,45,   23.50,   22.94, 1021.18,   -67.9,   42.12
SD,20,26,02,08,00,40,45,   23.50,   22.85, 1021.33,   -69.1,   42.21
SD,20,26,02,08,00,50,45,   23.25,   22.77, 1021.34,   -69.2,   42.25
SD,20,26,02,08,01,00,45,   23.25,   22.71, 1021.67,   -71.9,   42.30
SD,20,26,02,08,01,10,45,   23.25,   22.65, 1021.72,   -72.4,   42.34
SD,20,26,02,08,01,20,45,   23.00,   22.59, 1021.75,   -72.6,   42.39
SD,20,26,02,08,01,30,45,   23.00,   22.54, 1021.93,   -74.1,   42.49
SD,20,26,02,08,01,40,45,   23.00,   22.49, 1022.12,   -75.7,   42.45
SD,20,26,02,08,01,50,45,   23.00,   22.45, 1022.36,   -77.6,   42.46
SD,20,26,02,08,02,00,45,   23.00,   22.41, 1022.31,   -77.3,   42.48
SD,20,26,02,08,02,10,45,   23.00,   22.36, 1022.38,   -77.8,   42.50
SD,20,26,02,08,02,20,45,   22.75,   22.33, 1022.43,   -78.3,   42.50
SD,20,26,02,08,02,30,45,   22.75,   22.29, 1022.42,   -78.1,   42.49
SD,20,26,02,08,02,40,45,   22.75,   22.27, 1022.54,   -79.1,   42.44
SD,20,26,02,08,02,50,45,   22.75,   22.24, 1022.49,   -78.7,   42.48
SD,20,26,02,08,03,00,45,   22.75,   22.20, 1022.47,   -78.5,   42.49
SD,20,26,02,08,03,10,45,   22.75,   22.16, 1022.39,   -77.9,   42.47
SD,20,26,02,08,03,20,45,   22.75,   22.13, 1022.57,   -79.4,   42.45
SD,20,26,02,08,03,30,45,   22.75,   22.10, 1022.56,   -79.3,   42.45
SD,20,26,02,08,03,40,45,   22.75,   22.07, 1022.53,   -79.1,   42.44
SD,20,26,02,08,03,50,45,   22.50,   22.03, 1022.75,   -80.9,   42.44
SD,20,26,02,08,04,00,45,   22.50,   22.00, 1022.60,   -79.7,   42.39
SD,20,26,02,08,04,10,45,   22.50,   21.96, 1022.72,   -80.6,   42.41
SD,20,26,02,08,04,20,45,   22.50,   21.93, 1022.80,   -81.3,   42.38
SD,20,26,02,08,04,30,45,   22.50,   21.89, 1023.06,   -83.5,   42.37
SD,20,26,02,08,04,40,45,   22.50,   21.87, 1023.27,   -85.2,   42.35
SD,20,26,02,08,04,50,45,   22.50,   21.83, 1023.48,   -86.9,   42.34
SD,20,26,02,08,05,00,45,   22.25,   21.81, 1023.58,   -87.8,   42.34
SD,20,26,02,08,05,10,45,   22.25,   21.78, 1023.70,   -88.8,   42.32
SD,20,26,02,08,05,20,45,   22.25,   21.76, 1023.84,   -89.8,   42.22
SD,20,26,02,08,05,30,45,   22.25,   21.73, 1024.01,   -91.3,   42.28
SD,20,26,02,08,05,40,45,   22.25,   21.71, 1024.13,   -92.3,   42.26
SD,20,26,02,08,05,50,45,   22.25,   21.68, 1024.24,   -93.1,   42.22
SD,20,26,02,08,06,00,45,   22.25,   21.65, 1024.15,   -92.5,   42.20
SD,20,26,02,08,06,10,45,   22.25,   21.63, 1024.00,   -91.2,   42.22
SD,20,26,02,08,06,20,45,   22.25,   21.60, 1023.86,   -90.1,   42.16
SD,20,26,02,08,06,30,45,   22.00,   21.58, 1023.77,   -89.3,   42.08
SD,20,26,02,08,06,40,45,   22.25,   21.55, 1023.79,   -89.5,   42.15
SD,20,26,02,08,06,50,45,   22.00,   21.53, 1023.64,   -88.2,   42.11
SD,20,26,02,08,07,00,45,   22.00,   21.50, 1023.51,   -87.1,   42.07
SD,20,26,02,08,07,10,45,   22.00,   21.47, 1023.57,   -87.6,   42.08
SD,20,26,02,08,07,20,45,   22.00,   21.44, 1023.63,   -88.1,   42.02
SD,20,26,02,08,07,30,45,   22.00,   21.42, 1023.80,   -89.5,   42.04
SD,20,26,02,08,07,40,45,   22.00,   21.39, 1023.80,   -89.5,   42.03
SD,20,26,02,08,07,50,45,   22.00,   21.38, 1023.78,   -89.4,   42.02
SD,20,26,02,08,08,00,45,   22.00,   21.37, 1023.88,   -90.2,   41.98
SD,20,26,02,08,08,10,45,   22.00,   21.35, 1023.94,   -90.7,   41.96
SD,20,26,02,08,08,20,45,   22.00,   21.33, 1023.85,   -90.0,   41.96
SD,20,26,02,08,08,30,45,   22.00,   21.32, 1023.78,   -89.4,   41.88
SD,20,26,02,08,08,40,45,   22.00,   21.36, 1023.76,   -89.2,   41.86
SD,20,26,02,08,08,50,45,   22.25,   21.44, 1023.75,   -89.2,   42.33
SD,20,26,02,08,09,00,45,   22.50,   21.52, 1023.72,   -88.9,   42.56
SD,20,26,02,08,09,10,45,   22.75,   21.60, 1023.70,   -88.7,   42.67
SD,20,26,02,08,09,20,45,   22.75,   21.80, 1023.89,   -90.3,   42.66
SD,20,26,02,08,09,30,45,   22.75,   21.97, 1024.00,   -91.2,   42.49
SD,20,26,02,08,09,40,45,   23.00,   22.08, 1024.09,   -92.0,   42.46
SD,20,26,02,08,09,50,45,   23.00,   22.19, 1024.11,   -92.1,   42.44
SD,20,26,02,08,10,00,45,   23.00,   22.25, 1023.99,   -91.2,   42.43
SD,20,26,02,08,10,10,45,   23.25,   22.29, 1023.95,   -90.8,   42.49
SD,20,26,02,08,10,20,45,   23.25,   22.38, 1023.94,   -90.7,   42.34
SD,20,26,02,08,10,30,45,   23.50,   22.41, 1023.91,   -90.4,   42.42
SD,20,26,02,08,10,40,45,   23.25,   22.45, 1023.97,   -90.9,   42.39
SD,20,26,02,08,10,50,45,   22.75,   22.27, 1023.93,   -90.6,   41.85
SD,20,26,02,08,11,00,45,   22.50,   22.21, 1023.98,   -91.0,   41.77
SD,20,26,02,08,11,10,45,   22.25,   22.04, 1023.96,   -90.9,   41.98
SD,20,26,02,08,11,20,45,   22.75,   22.00, 1023.80,   -89.5,   42.11
SD,20,26,02,08,11,30,45,   23.00,   22.08, 1023.61,   -88.0,   42.55
SD,20,26,02,08,11,40,45,   23.00,   22.09, 1023.48,   -86.9,   42.70
SD,20,26,02,08,11,50,45,   23.25,   22.21, 1023.25,   -84.9,   42.66
SD,20,26,02,08,12,00,45,   23.25,   22.26, 1023.02,   -83.1,   42.78
SD,20,26,02,08,12,10,45,   23.25,   22.30, 1022.97,   -82.7,   42.81
SD,20,26,02,08,12,20,45,   23.25,   22.35, 1022.84,   -81.6,   42.86
SD,20,26,02,08,12,30,45,   23.25,   22.38, 1022.58,   -79.4,   43.16
SD,20,26,02,08,12,40,45,   23.50,   22.45, 1022.47,   -78.6,   43.73
SD,20,26,02,08,12,50,45,   23.75,   22.50, 1022.46,   -78.5,   44.08
SD,20,26,02,08,13,00,45,   23.50,   22.50, 1022.35,   -77.6,   43.77
SD,20,26,02,08,13,10,45,   23.25,   22.35, 1022.41,   -78.1,   42.49
SD,20,26,02,08,13,20,45,   23.00,   22.17, 1022.27,   -76.9,   42.18
SD,20,26,02,08,13,30,45,   23.00,   22.09, 1022.15,   -76.1,   42.14
SD,20,26,02,08,13,40,45,   22.75,   21.99, 1022.05,   -75.1,   42.08
SD,20,26,02,08,13,50,45,   22.75,   21.91, 1021.87,   -73.6,   42.06
SD,20,26,02,08,14,00,45,   22.75,   21.87, 1021.75,   -72.6,   41.98
SD,20,26,02,08,14,10,45,   23.00,   22.02, 1021.60,   -71.3,   42.30
SD,20,26,02,08,14,20,45,   23.00,   22.13, 1021.42,   -69.9,   42.55
SD,20,26,02,08,14,30,45,   23.25,   22.20, 1021.28,   -68.8,   42.73
SD,20,26,02,08,14,40,45,   23.25,   22.29, 1021.22,   -68.3,   42.76
SD,20,26,02,08,14,50,45,   23.25,   22.35, 1021.06,   -66.9,   42.73
SD,20,26,02,08,15,00,45,   23.50,   22.45, 1020.97,   -66.2,   42.68
SD,20,26,02,08,15,10,45,   23.50,   22.53, 1020.90,   -65.6,   42.60
SD,20,26,02,08,15,20,45,   23.50,   22.65, 1020.87,   -65.3,   42.52
SD,20,26,02,08,15,30,45,   23.50,   22.66, 1020.76,   -64.4,   42.54
SD,20,26,02,08,15,40,45,   23.50,   22.61, 1020.79,   -64.7,   42.22
SD,20,26,02,08,15,50,45,   23.50,   22.53, 1020.84,   -65.1,   42.07
SD,20,26,02,08,16,00,45,   24.25,   22.84, 1020.82,   -64.8,   42.27
SD,20,26,02,08,16,10,45,   24.50,   22.96, 1020.74,   -64.3,   42.39
SD,20,26,02,08,16,20,45,   24.25,   23.08, 1020.79,   -64.7,   42.27
SD,20,26,02,08,16,30,45,   24.25,   23.08, 1020.80,   -64.7,   42.30
SD,20,26,02,08,16,40,45,   24.50,   23.08, 1020.83,   -65.0,   42.39
SD,20,26,02,08,16,50,45,   24.50,   23.01, 1020.83,   -65.0,   42.59
SD,20,26,02,08,17,00,45,   24.25,   23.03, 1020.85,   -65.2,   42.47
SD,20,26,02,08,17,10,45,   24.25,   23.01, 1020.92,   -65.8,   42.33
SD,20,26,02,08,17,20,45,   24.00,   23.02, 1020.90,   -65.6,   42.42
SD,20,26,02,08,17,30,45,   24.00,   22.94, 1021.02,   -66.6,   42.39
SD,20,26,02,08,17,40,45,   23.75,   22.79, 1020.99,   -66.3,   42.29
SD,20,26,02,09,02,33,54,   23.75,   22.75, 1020.93,   -65.9,   42.25
SD,20,26,02,08,18,07,59,   23.50,   22.71, 1020.90,   -65.6,   42.04
SD,20,26,02,08,18,18,00,   23.50,   22.69, 1020.92,   -65.8,   41.96
SD,20,26,02,09,03,08,57,   23.25,   22.67, 1020.91,   -65.7,   41.96
SD,20,26,02,09,03,21,25,   23.25,   22.69, 1020.83,   -65.0,   41.90
SD,20,26,02,09,03,32,57,   23.25,   22.72, 1020.87,   -65.4,   41.81
SD,20,26,02,09,04,16,22,   23.25,   22.84, 1021.23,   -68.3,   41.53
SD,20,26,02,09,08,04,18,   23.50,   22.86, 1022.00,   -74.7,   42.24
SD,20,26,02,09,08,37,03,   23.50,   22.81, 1022.13,   -75.8,   42.24
SD,20,26,02,09,08,46,09,   23.50,   22.80, 1022.27,   -76.9,   42.26
SD,20,26,02,09,08,53,40,   23.50,   22.76, 1022.37,   -77.7,   42.26
SD,20,26,02,09,09,19,32,   23.25,   22.75, 1022.34,   -77.5,   42.19
SD,20,26,02,09,09,27,11,   23.25,   22.74, 1022.35,   -77.6,   42.18
SD,20,26,02,09,09,31,43,   23.25,   22.51, 1022.42,   -78.2,   42.75
SD,20,26,02,09,19,23,49,   22.25,   21.47, 1025.39,  -102.7,   42.76
SD,20,26,02,09,22,17,38,   22.50,   21.77, 1025.61,  -104.5,   42.50
SD,20,26,02,09,22,22,55,   22.50,   21.81, 1025.59,  -104.3,   42.50
SD,20,26,02,09,12,18,28,   22.50,   21.99, 1025.35,  -102.4,   42.10
SD,20,26,02,09,12,28,30,   22.50,   21.87, 1025.33,  -102.2,   42.10
SD,20,26,02,09,12,48,29,   22.75,   21.90, 1025.21,  -101.2,   41.94
SD,20,26,02,09,12,58,29,   22.25,   21.75, 1025.22,  -101.3,   42.04
SD,20,26,02,09,13,05,49,   22.50,   21.76, 1025.21,  -101.2,   42.00
SD,20,26,02,09,13,15,51,   22.50,   21.76, 1025.12,  -100.4,   42.18
SD,20,26,02,09,13,35,50,   22.25,   21.73, 1024.95,   -99.1,   42.20
SD,20,26,02,09,13,45,50,   22.25,   21.69, 1024.93,   -98.9,   42.23
SD,20,26,02,09,13,55,50,   22.25,   21.65, 1024.88,   -98.4,   42.24
SD,20,26,02,09,14,05,50,   22.25,   21.73, 1024.82,   -97.9,   42.23
SD,20,26,02,09,14,08,46,   22.25,   21.70, 1024.78,   -97.6,   42.30
SD,20,26,02,09,14,19,09,   22.00,   21.66, 1024.74,   -97.3,   42.30
SD,20,26,02,09,14,29,10,   22.25,   21.66, 1024.72,   -97.1,   42.20
SD,20,26,02,09,14,39,10,   22.25,   21.66, 1024.81,   -97.9,   42.36
SD,20,26,02,09,14,49,10,   22.25,   21.58, 1024.72,   -97.2,   42.38
SD,20,26,02,09,14,59,10,   22.00,   21.60, 1024.72,   -97.2,   42.45
SD,20,26,02,09,15,09,10,   22.50,   21.88, 1024.67,   -96.8,   42.60
SD,20,26,02,09,15,19,10,   22.75,   21.99, 1024.67,   -96.7,   43.06
SD,20,26,02,09,15,29,10,   22.75,   22.01, 1024.63,   -96.4,   43.32
SD,20,26,02,09,15,39,10,   22.50,   21.86, 1024.54,   -95.6,   42.64
SD,20,26,02,09,15,49,10,   22.50,   21.90, 1024.60,   -96.2,   42.07
SD,20,26,02,09,15,59,10,   22.75,   21.93, 1024.58,   -96.0,   42.13
SD,20,26,02,09,16,09,10,   22.50,   21.83, 1024.55,   -95.7,   42.59
SD,20,26,02,09,16,19,10,   22.75,   21.87, 1024.54,   -95.6,   43.15
SD,20,26,02,09,16,29,10,   22.75,   21.95, 1024.54,   -95.7,   42.94
SD,20,26,02,09,16,39,10,   23.00,   21.95, 1024.54,   -95.7,   42.64
SD,20,26,02,09,16,49,10,   22.75,   21.92, 1024.52,   -95.5,   42.57
SD,20,26,02,09,16,59,10,   23.25,   22.37, 1024.51,   -95.4,   42.76
SD,20,26,02,09,17,09,10,   23.50,   22.51, 1024.38,   -94.4,   42.76
SD,20,26,02,09,17,19,10,   23.75,   22.53, 1024.36,   -94.2,   42.98
SD,20,26,02,09,17,29,10,   23.75,   22.61, 1024.38,   -94.3,   42.88
SD,20,26,02,09,17,39,10,   23.75,   22.69, 1024.34,   -94.0,   42.83
SD,20,26,02,09,17,49,10,   23.75,   22.69, 1024.27,   -93.4,   43.25
SD,20,26,02,09,17,59,10,   23.75,   22.69, 1024.18,   -92.7,   43.03
SD,20,26,02,09,18,09,10,   23.50,   22.69, 1024.09,   -92.0,   43.21
SD,20,26,02,09,18,19,10,   23.75,   22.75, 1024.14,   -92.3,   43.07
SD,20,26,02,09,18,29,10,   23.50,   22.74, 1024.10,   -92.0,   43.13
SD,20,26,02,09,18,39,10,   23.25,   22.60, 1024.05,   -91.6,   42.97
SD,20,26,02,09,18,49,10,   23.00,   22.46, 1024.13,   -92.3,   42.51
SD,20,26,02,09,18,59,10,   23.00,   22.45, 1024.05,   -91.6,   42.71
SD,20,26,02,09,19,09,10,   23.00,   22.43, 1024.04,   -91.5,   42.90
SD,20,26,02,09,19,19,10,   23.00,   22.41, 1023.98,   -91.0,   43.03
SD,20,26,02,09,19,29,10,   23.00,   22.47, 1023.97,   -90.9,   42.86
SD,20,26,02,09,19,39,10,   23.00,   22.56, 1023.96,   -90.8,   42.87
SD,20,26,02,09,19,49,10,   23.25,   22.55, 1023.92,   -90.5,   43.01
SD,20,26,02,09,19,59,10,   23.25,   22.61, 1023.72,   -88.9,   42.96
SD,20,26,02,09,20,09,10,   23.50,   22.66, 1023.65,   -88.3,   43.00
SD,20,26,02,09,20,19,10,   23.50,   22.68, 1023.63,   -88.1,   42.98
SD,20,26,02,09,20,29,10,   23.50,   22.72, 1023.58,   -87.7,   42.95
SD,20,26,02,09,20,39,10,   23.50,   22.80, 1023.49,   -87.0,   42.81
SD,20,26,02,09,20,49,10,   23.75,   22.82, 1023.50,   -87.1,   42.82
SD,20,26,02,09,20,59,10,   23.50,   22.79, 1023.33,   -85.7,   42.78
SD,20,26,02,09,21,09,10,   23.25,   22.69, 1023.27,   -85.2,   42.21
SD,20,26,02,09,21,19,10,   23.50,   22.79, 1023.17,   -84.3,   42.43
SD,20,26,02,09,21,29,10,   23.75,   22.92, 1023.16,   -84.3,   42.31
SD,20,26,02,09,21,39,10,   23.75,   22.92, 1023.18,   -84.4,   42.56
SD,20,26,02,09,21,49,10,   23.75,   22.95, 1023.25,   -85.0,   42.60
SD,20,26,02,09,21,59,10,   23.75,   22.92, 1023.23,   -84.8,   42.62
SD,20,26,02,09,22,09,10,   23.75,   22.81, 1023.18,   -84.5,   42.55
SD,20,26,02,09,22,19,10,   23.75,   22.73, 1023.20,   -84.6,   42.72
SD,20,26,02,09,22,29,10,   23.50,   22.77, 1023.17,   -84.4,   42.31
SD,20,26,02,09,22,39,10,   23.50,   22.56, 1023.09,   -83.7,   42.74
SD,20,26,02,09,22,49,10,   23.25,   22.46, 1023.05,   -83.3,   42.75
SD,20,26,02,09,22,59,10,   23.25,   22.63, 1023.04,   -83.2,   42.32
SD,20,26,02,09,23,09,10,   23.25,   22.64, 1022.96,   -82.6,   42.13
SD,20,26,02,09,23,19,10,   23.25,   22.59, 1022.91,   -82.2,   42.12
SD,20,26,02,09,23,29,10,   23.25,   22.54, 1022.94,   -82.4,   42.21
SD,20,26,02,09,23,39,10,   23.00,   22.47, 1022.87,   -81.9,   42.26
SD,20,26,02,09,23,49,10,   23.00,   22.40, 1022.84,   -81.7,   42.32
SD,20,26,02,09,23,59,10,   23.00,   22.35, 1022.76,   -80.9,   42.36
SD,20,26,02,10,00,09,10,   22.75,   22.28, 1022.67,   -80.2,   42.45
SD,20,26,02,10,00,19,10,   22.75,   22.24, 1022.78,   -81.1,   42.48
SD,20,26,02,10,00,29,10,   22.75,   22.17, 1022.64,   -80.0,   42.55
SD,20,26,02,10,00,39,10,   22.75,   22.15, 1022.56,   -79.3,   42.51
SD,20,26,02,10,00,49,10,   22.75,   22.11, 1022.48,   -78.7,   42.55
SD,20,26,02,10,00,59,10,   22.75,   22.05, 1022.52,   -79.0,   42.59
SD,20,26,02,10,01,09,10,   22.50,   22.02, 1022.50,   -78.8,   42.58
SD,20,26,02,10,01,19,10,   22.75,   21.99, 1022.42,   -78.1,   42.63
SD,20,26,02,10,01,29,10,   22.50,   21.98, 1022.39,   -77.9,   42.58
SD,20,26,02,10,01,39,10,   22.75,   21.94, 1022.34,   -77.6,   42.58
SD,20,26,02,10,01,49,10,   22.50,   21.90, 1022.29,   -77.1,   42.66
SD,20,26,02,10,01,59,10,   22.50,   21.86, 1022.22,   -76.5,   42.68
SD,20,26,02,10,02,09,10,   22.50,   21.86, 1022.18,   -76.1,   42.63
SD,20,26,02,10,02,19,10,   22.50,   21.83, 1022.14,   -75.8,   42.65
SD,20,26,02,10,02,29,10,   22.50,   21.81, 1022.12,   -75.7,   42.63
SD,20,26,02,10,02,39,10,   22.50,   21.79, 1022.04,   -75.0,   42.59
SD,20,26,02,10,02,49,10,   22.25,   21.75, 1022.01,   -74.8,   42.63
SD,20,26,02,10,02,59,10,   22.25,   21.75, 1021.88,   -73.7,   42.56
SD,20,26,02,10,03,09,10,   22.25,   21.72, 1021.85,   -73.4,   42.58
SD,20,26,02,10,03,19,10,   22.25,   21.68, 1021.76,   -72.7,   42.57
SD,20,26,02,10,03,29,10,   22.25,   21.68, 1021.74,   -72.6,   42.54
SD,20,26,02,10,03,39,10,   22.25,   21.66, 1021.67,   -72.0,   42.54
SD,20,26,02,10,03,49,10,   22.25,   21.63, 1021.60,   -71.4,   42.54
SD,20,26,02,10,03,59,10,   22.25,   21.61, 1021.45,   -70.2,   42.54
SD,20,26,02,10,04,09,10,   22.25,   21.60, 1021.40,   -69.7,   42.51
SD,20,26,02,10,04,19,10,   22.25,   21.57, 1021.28,   -68.8,   42.50
SD,20,26,02,10,04,29,10,   22.25,   21.53, 1021.21,   -68.2,   42.53
SD,20,26,02,10,04,39,10,   22.25,   21.51, 1021.13,   -67.5,   42.53
SD,20,26,02,10,04,49,10,   22.25,   21.50, 1021.12,   -67.4,   42.47
SD,20,26,02,10,04,59,10,   22.00,   21.49, 1021.14,   -67.6,   42.46
SD,20,26,02,10,05,09,10,   22.00,   21.47, 1021.12,   -67.4,   42.47
SD,20,26,02,10,05,19,10,   22.00,   21.43, 1021.10,   -67.3,   42.49
SD,20,26,02,10,05,29,10,   22.00,   21.42, 1021.12,   -67.4,   42.49
SD,20,26,02,10,05,39,10,   22.00,   21.41, 1021.07,   -67.0,   42.44
SD,20,26,02,10,05,49,10,   22.00,   21.38, 1020.98,   -66.3,   42.44
SD,20,26,02,10,05,59,10,   22.00,   21.36, 1020.85,   -65.2,   42.45
SD,20,26,02,10,06,09,10,   22.00,   21.35, 1020.86,   -65.3,   42.45
SD,20,26,02,10,06,19,10,   22.00,   21.32, 1020.79,   -64.7,   42.43
SD,20,26,02,10,06,29,10,   22.00,   21.31, 1020.76,   -64.4,   42.41
SD,20,26,02,10,06,39,10,   22.00,   21.29, 1020.70,   -64.0,   42.39
SD,20,26,02,10,06,49,10,   22.00,   21.27, 1020.68,   -63.7,   42.38
SD,20,26,02,10,06,59,10,   21.75,   21.24, 1020.66,   -63.6,   42.39
SD,20,26,02,10,07,09,10,   22.00,   21.23, 1020.64,   -63.4,   42.34
SD,20,26,02,10,07,19,10,   21.75,   21.22, 1020.66,   -63.6,   42.35
SD,20,26,02,10,07,29,10,   21.75,   21.19, 1020.67,   -63.7,   42.34
SD,20,26,02,10,07,39,10,   22.00,   21.17, 1020.70,   -64.0,   42.33
SD,20,26,02,10,07,49,10,   21.75,   21.16, 1020.65,   -63.5,   42.28
SD,20,26,02,10,07,59,10,   21.75,   21.16, 1020.70,   -63.9,   42.26
SD,20,26,02,10,08,09,10,   21.75,   21.15, 1020.77,   -64.5,   42.22
SD,20,26,02,10,08,19,10,   21.75,   21.13, 1020.75,   -64.3,   42.23
SD,20,26,02,10,08,29,10,   21.75,   21.11, 1020.84,   -65.1,   42.22
SD,20,26,02,10,08,39,10,   21.75,   21.13, 1020.79,   -64.7,   42.13
SD,20,26,02,10,08,49,10,   21.75,   21.16, 1020.78,   -64.5,   42.05
SD,20,26,02,10,08,59,10,   21.75,   21.18, 1020.86,   -65.2,   42.08
SD,20,26,02,10,09,09,10,   22.00,   21.24, 1020.84,   -65.1,   42.19
SD,20,26,02,10,09,19,10,   22.25,   21.27, 1020.84,   -65.1,   42.62
SD,20,26,02,10,09,29,10,   22.50,   21.50, 1020.85,   -65.2,   42.66
SD,20,26,02,10,09,39,10,   22.50,   21.63, 1020.85,   -65.2,   42.52
SD,20,26,02,10,09,49,10,   22.75,   21.82, 1020.74,   -64.3,   42.37
SD,20,26,02,10,09,59,10,   22.75,   21.88, 1020.56,   -62.9,   42.31
SD,20,26,02,10,10,09,10,   22.75,   21.86, 1020.43,   -61.7,   42.48
SD,20,26,02,10,10,19,10,   22.75,   21.91, 1020.30,   -60.6,   42.49
SD,20,26,02,10,10,29,10,   22.75,   21.85, 1020.28,   -60.4,   42.73
SD,20,26,02,10,10,39,10,   22.75,   21.87, 1020.28,   -60.4,   42.80
SD,20,26,02,10,10,49,10,   22.75,   21.97, 1020.27,   -60.4,   42.48
SD,20,26,02,10,10,59,10,   22.50,   21.80, 1020.31,   -60.7,   42.58
SD,20,26,02,10,11,09,10,   22.75,   21.91, 1020.33,   -60.9,   42.61
SD,20,26,02,10,11,15,49,   22.75,   21.84, 1020.32,   -60.8,   42.77
SD,20,26,02,10,11,25,50,   22.75,   21.83, 1020.24,   -60.1,   42.99
SD,20,26,02,10,11,35,50,   22.75,   21.87, 1020.14,   -59.3,   42.79
SD,20,26,02,10,11,37,05,   22.75,   21.88, 1020.18,   -59.6,   42.97
SD,20,26,02,10,11,47,07,   22.75,   21.93, 1020.08,   -58.8,   43.07
SD,20,26,02,10,12,07,06,   22.50,   21.80, 1019.82,   -56.6,   43.28
SD,20,26,02,10,12,17,06,   22.75,   21.83, 1019.68,   -55.5,   43.09
SD,20,26,02,10,12,27,06,   22.75,   21.88, 1019.50,   -54.0,   42.92
SD,20,26,02,10,12,37,06,   22.75,   21.93, 1019.47,   -53.8,   42.25
SD,20,26,02,10,12,47,06,   22.50,   21.76, 1019.29,   -52.2,   42.46
SD,20,26,02,10,12,57,06,   22.50,   21.78, 1019.24,   -51.9,   42.66
SD,20,26,02,10,13,07,06,   22.50,   21.65, 1019.35,   -52.7,   43.10
SD,20,26,02,10,13,17,06,   22.50,   21.80, 1019.40,   -53.2,   42.72
SD,20,26,02,10,13,27,06,   22.50,   21.78, 1019.19,   -51.4,   42.59
SD,20,26,02,10,13,37,06,   22.25,   21.66, 1019.09,   -50.6,   42.68
SD,20,26,02,10,13,47,06,   22.25,   21.58, 1019.01,   -49.9,   42.66
SD,20,26,02,10,13,57,06,   22.25,   21.47, 1019.00,   -49.8,   42.79
SD,20,26,02,10,14,07,06,   22.25,   21.43, 1018.99,   -49.8,   42.94
SD,20,26,02,10,14,17,06,   22.25,   21.37, 1018.89,   -48.9,   42.98
SD,20,26,02,10,14,27,06,   22.00,   21.26, 1018.78,   -48.0,   43.07
SD,20,26,02,10,14,37,06,   22.00,   21.18, 1018.75,   -47.8,   43.21
SD,20,26,02,10,14,47,06,   22.00,   21.24, 1018.69,   -47.3,   43.06
SD,20,26,02,10,14,57,06,   22.00,   21.16, 1018.64,   -46.9,   43.16
SD,20,26,02,10,15,07,06,   22.00,   21.10, 1018.64,   -46.8,   43.35
SD,20,26,02,10,15,17,06,   21.75,   21.04, 1018.57,   -46.3,   43.31
SD,20,26,02,10,15,27,06,   21.75,   20.93, 1018.63,   -46.8,   42.88
SD,20,26,02,10,15,37,06,   21.75,   21.01, 1018.68,   -47.2,   42.94
SD,20,26,02,10,15,47,06,   22.00,   21.25, 1018.62,   -46.7,   42.91
SD,20,26,02,10,15,57,06,   22.50,   21.47, 1018.67,   -47.1,   42.97
SD,20,26,02,10,16,07,06,   22.75,   21.65, 1018.66,   -47.0,   43.13
SD,20,26,02,10,16,17,06,   22.75,   21.78, 1018.61,   -46.6,   43.10
SD,20,26,02,10,16,27,06,   22.75,   21.86, 1018.61,   -46.6,   43.17
SD,20,26,02,10,16,37,06,   23.00,   21.98, 1018.72,   -47.6,   43.07
SD,20,26,02,10,16,47,06,   23.00,   22.03, 1018.82,   -48.3,   43.02
SD,20,26,02,10,16,57,06,   23.00,   22.05, 1018.84,   -48.5,   42.99
SD,20,26,02,10,17,07,06,   23.00,   22.05, 1018.77,   -48.0,   43.06
SD,20,26,02,10,17,17,06,   23.00,   22.13, 1018.73,   -47.6,   43.12
SD,20,26,02,10,17,18,00,   23.00,   22.13, 1018.70,   -47.4,   43.12
SD,20,26,02,10,17,28,01,   23.00,   22.17, 1018.72,   -47.6,   43.11
SD,20,26,02,10,17,38,01,   23.00,   22.08, 1018.78,   -48.0,   43.00
SD,20,26,02,10,17,45,44,   22.50,   21.98, 1018.95,   -49.4,   42.95
SD,20,26,02,10,17,47,28,   22.50,   21.96, 1018.89,   -49.0,   43.01
SD,20,26,02,10,17,57,30,   22.75,   22.11, 1018.97,   -49.6,   42.73
SD,20,26,02,10,18,04,15,   22.75,   22.16, 1018.90,   -49.0,   42.69
SD,20,26,02,10,18,06,44,   23.00,   22.18, 1018.94,   -49.3,   42.68
SD,20,26,02,10,18,10,25,   23.00,   22.24, 1018.90,   -49.1,   42.60
SD,20,26,02,10,18,11,59,   22.75,   22.22, 1018.93,   -49.3,   42.61
SD,20,26,02,10,18,18,53,   23.00,   22.27, 1019.01,   -50.0,   42.58
SD,20,26,02,10,18,28,54,   23.00,   22.23, 1018.99,   -49.7,   42.48
SD,20,26,02,10,18,38,54,   23.00,   22.21, 1018.95,   -49.4,   42.20
SD,20,26,02,10,18,48,54,   22.75,   22.15, 1018.99,   -49.8,   42.17
SD,20,26,02,10,18,58,54,   22.50,   22.03, 1019.03,   -50.1,   42.28
SD,20,26,02,10,19,08,54,   22.50,   21.96, 1019.03,   -50.1,   42.37
SD,20,26,02,10,19,12,21,   22.50,   21.98, 1019.02,   -50.0,   42.37
SD,20,26,02,10,19,22,22,   23.00,   22.08, 1019.14,   -51.0,   42.72
SD,20,26,02,10,19,32,22,   22.75,   22.21, 1019.20,   -51.5,   42.46
SD,20,26,02,10,19,42,22,   22.75,   22.22, 1019.27,   -52.1,   42.21
SD,20,26,02,10,19,52,22,   23.00,   22.18, 1019.33,   -52.6,   42.36
SD,20,26,02,10,20,02,22,   23.50,   22.26, 1019.40,   -53.2,   42.61
SD,20,26,02,10,20,12,22,   23.50,   22.26, 1019.32,   -52.5,   42.84
SD,20,26,02,10,20,22,22,   23.50,   22.40, 1019.38,   -53.0,   42.52
SD,20,26,02,10,20,32,22,   23.50,   22.49, 1019.40,   -53.2,   42.28
SD,20,26,02,10,20,42,22,   23.50,   22.58, 1019.50,   -54.0,   42.17
SD,20,26,02,10,20,52,22,   23.50,   22.61, 1019.54,   -54.3,   42.05
SD,20,26,02,10,21,02,22,   23.50,   22.51, 1019.59,   -54.7,   42.26
SD,20,26,02,10,21,12,22,   23.50,   22.54, 1019.66,   -55.3,   42.33
SD,20,26,02,10,21,22,22,   23.50,   22.68, 1019.67,   -55.4,   41.78
SD,20,26,02,10,21,32,22,   23.50,   22.61, 1019.77,   -56.2,   42.17
SD,20,26,02,10,21,42,22,   23.50,   22.58, 1019.75,   -56.1,   42.42
SD,20,26,02,10,21,52,22,   23.50,   22.63, 1019.77,   -56.2,   42.38
SD,20,26,02,10,22,02,22,   23.50,   22.59, 1019.91,   -57.4,   42.61
SD,20,26,02,10,22,12,22,   23.50,   22.57, 1020.01,   -58.2,   42.69
SD,20,26,02,10,22,22,22,   23.50,   22.56, 1020.04,   -58.5,   42.75
SD,20,26,02,10,22,32,22,   23.50,   22.54, 1020.11,   -59.1,   42.88
SD,20,26,02,10,22,42,22,   23.50,   22.52, 1020.24,   -60.1,   43.00
SD,20,26,02,10,22,52,22,   23.50,   22.54, 1020.32,   -60.8,   43.03
SD,20,26,02,10,23,02,22,   23.50,   22.55, 1020.37,   -61.2,   43.14
SD,20,26,02,10,23,12,22,   23.25,   22.54, 1020.44,   -61.7,   43.11
